"TOA5","5212","CR1000","5212","CR1000.Std.10","CRD:july8_06_OnIce1.CR1","24312","FiveMin"
"TIMESTAMP","RECORD","WS_ms_S_WVT","WindDir_D1_WVT","WindDir_SD1_WVT","WS_ms_Max","AirTC","NR_Wm2_Avg","CNR_Wm2_Avg","RH"
"TS","RN","meters/second","Deg","Deg","meters/second","Deg C","W/m²","Watts/meter²","%"
"","","WVc","WVc","WVc","Max","Smp","Avg","Avg","Smp"
"2006-07-12 13:45:00",854,2.088,11.43,4.165,2.45,4.78,116.7,116.7,69.8
"2006-07-12 13:50:00",855,0.898,20.94,20.92,1.82,5.454,132.2,132.2,68.03
"2006-07-12 13:55:00",856,0.551,32.27,27.52,0.97,5.787,98.3,98.3,67.04
"2006-07-12 14:00:00",857,1.028,11.49,2.321,1.222,5.544,95.4,95.4,67.55
"2006-07-12 14:05:00",858,1.055,11.33,5.319,1.186,5.667,113.7,113.7,67.21
"2006-07-12 14:10:00",859,1.261,350,6.004,1.49,5.594,92.4,92.4,67.89
"2006-07-12 14:15:00",860,1.8,336.1,5.56,2.365,5.594,256.5,256.5,67.25
"2006-07-12 14:20:00",861,2.215,332.2,2.317,2.313,5.789,491.1,491.1,66.56
"2006-07-12 14:25:00",862,2.27,339.3,2.337,2.806,5.496,232.3,232.3,67.59
"2006-07-12 14:30:00",863,3.223,342.6,3.199,3.59,5.838,590.4,590.4,66.09
"2006-07-12 14:35:00",864,2.889,337.3,6.193,3.283,6.179,654,654,64.21
"2006-07-12 14:40:00",865,2.862,339.2,2.839,3.515,6.131,620.4,620.4,64.59
"2006-07-12 14:45:00",866,2.493,339.9,2.529,3.11,6.371,571.9,571.9,61.82
"2006-07-12 14:50:00",867,2.058,340.8,4.574,2.427,6.707,540.6,540.6,60.04
"2006-07-12 14:55:00",868,1.799,345.8,4.03,2.257,6.851,631.3,631.3,59.33
"2006-07-12 15:00:00",869,1.702,347.3,7.42,1.976,7.237,638.6,638.6,56.77
"2006-07-12 15:05:00",870,1.64,347.2,9.69,2.012,7.23,648.8,648.8,56.9
"2006-07-12 15:10:00",871,3.52,330.8,7.722,4.583,6.008,722,722,64.7
"2006-07-12 15:15:00",872,4.327,332.5,7.846,4.818,5.47,550.1,550.1,69.64
"2006-07-12 15:20:00",873,3.954,334.2,7.296,4.828,5.713,637.3,637.3,70.46
"2006-07-12 15:25:00",874,5.128,330.1,4.132,5.818,5.676,685.6,689,70.36
"2006-07-12 15:30:00",875,5.447,329.1,5.262,5.913,5.517,691.5,698.1,70.43
"2006-07-12 15:35:00",876,5.841,330,1.95,6.252,5.103,529.1,538.9,73.12
"2006-07-12 15:40:00",877,5.649,331.4,6.965,6.069,4.982,205.6,208.4,73.02
"2006-07-12 15:45:00",878,5.286,326.2,7.697,5.854,5.079,172.2,173.5,70.6
"2006-07-12 15:50:00",879,4.605,325.2,8.16,5.468,5.031,157.4,157.8,70.87
"2006-07-12 15:55:00",880,4.443,328.3,5.966,5.018,5.279,159,159,70.64
"2006-07-12 16:00:00",881,4.128,337.9,4.191,4.57,4.992,177.8,177.8,70.74
"2006-07-12 16:05:00",882,3.52,336.1,10.12,4.06,5.64,436.9,436.9,68.63
"2006-07-12 16:10:00",883,3.416,339.8,8.5,5.233,5.876,253,253.1,66.25
"2006-07-12 16:15:00",884,4.237,339.7,4.784,5.005,5.394,210,210,69.22
"2006-07-12 16:20:00",885,4.488,337.7,4.975,4.844,5.202,173,173,70.01
"2006-07-12 16:25:00",886,6.108,330,6.608,6.958,5.203,259.6,266.8,70.28
"2006-07-12 16:30:00",887,5.806,334.4,4.419,6.226,5.252,454.8,462.6,70.25
"2006-07-12 16:35:00",888,6.256,329.1,2.5,6.553,5.204,349.2,358.5,71
"2006-07-12 16:40:00",889,5.591,330.6,4.546,6.334,5.155,162.9,165.2,70.96
"2006-07-12 16:45:00",890,6.842,325.7,3.593,7.321,5.545,604.7,628.3,69.12
"2006-07-12 16:50:00",891,6.103,328,5.36,6.37,5.313,266.3,272.5,69.39
"2006-07-12 16:55:00",892,5.753,322.6,5.834,6.347,5.789,247.3,251.4,65.81
"2006-07-12 17:00:00",893,5.696,322.1,4.915,6.471,5.643,226.9,230.5,67.86
"2006-07-12 17:05:00",894,5.097,322.7,3.553,6.122,5.74,235.7,237.3,66.94
"2006-07-12 17:10:00",895,4.697,319.5,6.18,4.965,5.789,246.6,246.6,67.21
"2006-07-12 17:15:00",896,4.595,322.9,6.709,5.485,5.911,253.3,253.9,67.86
"2006-07-12 17:20:00",897,4.921,322.9,7.045,6.148,5.935,151.4,151.8,68.13
"2006-07-12 17:25:00",898,4.801,316.6,9.26,5.622,5.692,129.4,129.7,67.18
"2006-07-12 17:30:00",899,3.907,326.5,5.625,5.619,5.643,158.7,158.9,67.45
"2006-07-12 17:35:00",900,2.989,310.2,13.68,3.708,5.692,161.7,161.7,67.49
"2006-07-12 17:40:00",901,2.859,297.4,46.69,4.684,5.643,134.1,134.1,67.76
"2006-07-12 17:45:00",902,1.692,152.9,47.74,3.074,6.265,111.8,111.8,64.72
"2006-07-12 17:50:00",903,2.024,163.4,14.03,3.025,5.887,86.5,86.5,67.96
"2006-07-12 17:55:00",904,1.624,138.2,19.39,2.986,5.74,78.51,78.51,68.88
"2006-07-12 18:00:00",905,2.189,102.2,15.33,3.365,5.399,75.97,75.97,71.61
"2006-07-12 18:05:00",906,3.509,112,5.215,5.419,4.521,54.15,54.19,80.8
"2006-07-12 18:10:00",907,3.898,124.2,13.56,4.492,4.473,54.54,54.54,80.6
"2006-07-12 18:15:00",908,1.839,196.5,12.01,3.227,4.523,135,135,78.43
"2006-07-12 18:20:00",909,1.698,206,12.41,2.594,4.905,144.2,144.2,76.49
"2006-07-12 18:25:00",910,2.595,148.4,9.04,3.267,3.945,73.18,73.18,87.8
"2006-07-12 18:30:00",911,2.514,157.5,3.689,3.12,3.166,57.08,57.08,93.8
"2006-07-12 18:35:00",912,1.164,140.8,11.37,1.891,3.265,52.54,52.54,93.5
"2006-07-12 18:40:00",913,1.086,48.22,32.92,1.561,3.216,56.88,56.88,93
"2006-07-12 18:45:00",914,1.948,6.916,12.77,2.453,3.167,55.95,55.95,92.6
"2006-07-12 18:50:00",915,2.336,342.2,4.636,2.662,3.363,74.98,74.98,90.7
"2006-07-12 18:55:00",916,2.662,338,3.419,2.865,3.511,56.11,56.11,89.9
"2006-07-12 19:00:00",917,3.237,333.1,2.825,4.1,3.465,39.09,39.09,88
"2006-07-12 19:05:00",918,4.603,334,2.153,4.838,3.323,27.7,27.7,87.2
"2006-07-12 19:10:00",919,4.569,331.4,2.102,4.874,3.423,8.62,8.62,85.9
"2006-07-12 19:15:00",920,5.156,336,4.831,5.668,3.46,8.05,8.09,84.9
"2006-07-12 19:20:00",921,6.295,333,1.429,6.883,3.668,-49.61,-50.99,82.8
"2006-07-12 19:25:00",922,4.674,329.2,5.884,5.638,3.717,-49.76,-49.87,82.2
"2006-07-12 19:30:00",923,2.53,321.4,16.41,3.417,3.817,-45.48,-45.48,81.1
"2006-07-12 19:35:00",924,1.334,255.5,45.48,2.123,3.968,-46.43,-46.43,82.7
"2006-07-12 19:40:00",925,1.804,171,5.713,2.92,4.166,-37.73,-37.73,81.6
"2006-07-12 19:45:00",926,0.862,187,26.88,1.64,4.242,-23.04,-23.04,81.7
"2006-07-12 19:50:00",927,0.802,334.4,22.72,2.447,4.023,-28.42,-28.42,82.9
"2006-07-12 19:55:00",928,2.895,346.3,16.68,3.992,3.889,-51.57,-51.57,80.9
"2006-07-12 20:00:00",929,4.772,338.3,11.93,5.88,4.293,69.29,69.69,79.6
"2006-07-12 20:05:00",930,3.599,335.7,13.45,5.419,4.318,122.5,122.6,77.62
"2006-07-12 20:10:00",931,4.425,322.5,11.5,5.658,4.415,139.6,140,78.06
"2006-07-12 20:15:00",932,4.865,330.6,9.95,6.742,4.121,-9.67,-9.96,78.44
"2006-07-12 20:20:00",933,3.065,313.5,14.32,4.55,4.438,-21.19,-21.19,76.56
"2006-07-12 20:25:00",934,3.885,316.7,6.096,4.616,4.291,-40.99,-40.99,77.41
"2006-07-12 20:30:00",935,5.529,317.8,10.43,6.896,4.316,-45.07,-45.68,77.52
"2006-07-12 20:35:00",936,6.445,331.7,6.297,6.804,3.633,-47.28,-48.74,82.1
"2006-07-12 20:40:00",937,6.729,329.2,6.089,7.539,3.572,-50.46,-52.32,82.2
"2006-07-12 20:45:00",938,6.052,333.9,3.388,7.072,3.828,-45,-46.06,78.81
"2006-07-12 20:50:00",939,7.093,334.5,4.06,8.32,3.755,-14.39,-14.91,82
"2006-07-12 20:55:00",940,7.325,323.7,4.009,7.977,3.683,27.84,29.09,82.7
"2006-07-12 21:00:00",941,7.315,326.1,4.765,8.06,3.902,69.19,72.56,80.6
"2006-07-12 21:05:00",942,6.373,322.2,5.367,7.19,4.026,87.9,90.5,77.42
"2006-07-12 21:10:00",943,4.452,326.8,8.24,5.197,4.563,70.81,70.83,73.19
"2006-07-12 21:15:00",944,4.384,320.4,5.051,5.04,4.71,29.97,29.97,71.38
"2006-07-12 21:20:00",945,5.383,323.7,5.879,5.909,4.612,14.85,14.96,73.15
"2006-07-12 21:25:00",946,5.707,324.7,4.521,6.814,4.451,34.17,34.63,73.76
"2006-07-12 21:30:00",947,4.798,322.4,5.885,5.537,4.709,52.72,52.81,72.4
"2006-07-12 21:35:00",948,5.357,329.7,3.715,6.151,4.451,58.06,58.56,74.28
"2006-07-12 21:40:00",949,6.16,324.6,4.683,6.984,4.463,49.39,50.58,74.17
"2006-07-12 21:45:00",950,6.102,324.7,3.374,6.997,4.414,46.23,47.31,73.56
"2006-07-12 21:50:00",951,6.266,328.9,4.487,7.072,4.414,45.56,46.76,74.14
"2006-07-12 21:55:00",952,5.906,326.1,4.063,6.357,4.243,62.91,64.1,74.82
"2006-07-12 22:00:00",953,5.896,318.2,3.84,6.308,4.658,67.52,68.85,72.88
"2006-07-12 22:05:00",954,5.257,315.1,3.008,5.795,4.755,46.74,47.03,72.33
"2006-07-12 22:10:00",955,5.231,307.2,7.345,6.069,4.755,18.78,18.93,72.88
"2006-07-12 22:15:00",956,4.025,313,9.84,5.07,4.707,1.462,1.462,73.22
"2006-07-12 22:20:00",957,2.33,0.444,34.28,3.459,4.365,-5.797,-5.797,74.92
"2006-07-12 22:25:00",958,2.581,48.69,68.54,3.649,3.779,-20.78,-20.78,82.8
"2006-07-12 22:30:00",959,4.918,119.4,6.203,5.622,2.9,-32.09,-32.2,89.2
"2006-07-12 22:35:00",960,2.712,99.6,22.69,4.047,2.839,-18.01,-18.01,89.1
"2006-07-12 22:40:00",961,1.559,336.4,45.21,2.649,2.513,-13.72,-13.72,90.4
"2006-07-12 22:45:00",962,1.561,274.4,8.44,1.869,2.419,-7.773,-7.773,92.4
"2006-07-12 22:50:00",963,0.525,348.2,57.19,1.597,2.299,-17.45,-17.45,92.3
"2006-07-12 22:55:00",964,0.238,357.8,25.39,0.595,2.167,-26.78,-26.78,91.9
"2006-07-12 23:00:00",965,0.786,258.9,22.91,1.052,1.935,-43.15,-43.15,92.1
"2006-07-12 23:05:00",966,1.134,286.1,17.59,1.581,1.691,-94.3,-94.3,92.9
"2006-07-12 23:10:00",967,1.203,291.7,14.41,1.552,1.302,-31.74,-31.74,94.1
"2006-07-12 23:15:00",968,0.808,321.8,15.18,1.379,1.155,-23.89,-23.89,95
"2006-07-12 23:20:00",969,1.151,342.5,6.892,1.313,1.058,-23.89,-23.89,95.6
"2006-07-12 23:25:00",970,1.698,331.4,4.995,1.944,1.255,-36.72,-36.72,95.6
"2006-07-12 23:30:00",971,1.252,0.339,25.71,1.82,1.555,-38.49,-38.49,94.1
"2006-07-12 23:35:00",972,1.025,89.2,13.08,1.323,1.704,-47.73,-47.73,94
"2006-07-12 23:40:00",973,1.188,99,4.295,1.343,2.047,-104.9,-104.9,92.7
"2006-07-12 23:45:00",974,0.67,92.2,63.42,1.744,2.145,-123.6,-123.6,90.5
"2006-07-12 23:50:00",975,1.744,296.3,9.81,2.267,1.608,-11.68,-11.68,94.2
"2006-07-12 23:55:00",976,1.62,306.7,6.52,2.636,1.705,-4.312,-4.312,94.2
"2006-07-13 00:00:00",977,0.157,344.1,21.23,0.725,1.755,-6.622,-6.622,94.3
"2006-07-13 00:05:00",978,0.88,339,14.67,1.14,1.95,-22.38,-22.38,93.2
"2006-07-13 00:10:00",979,1.089,7.042,4.837,1.294,1.951,-25.41,-25.41,92.3
"2006-07-13 00:15:00",980,1.109,8.99,9.11,1.379,1.952,-26.52,-26.52,92.3
"2006-07-13 00:20:00",981,0.599,359.2,33.25,1.473,2.293,-25.1,-25.1,91.3
"2006-07-13 00:25:00",982,0.29,67.56,41.67,0.526,2.452,-18.69,-18.69,90.5
"2006-07-13 00:30:00",983,0.552,323.7,2.815,0.905,2.537,-19.59,-19.59,89.8
"2006-07-13 00:35:00",984,0.968,335.4,5.77,1.173,2.598,-18.76,-18.76,88.9
"2006-07-13 00:40:00",985,0.814,345.6,20.79,1.248,2.441,-18.38,-18.38,89.2
"2006-07-13 00:45:00",986,0.678,56.31,8.79,1.238,2.637,-15.63,-15.63,89.4
"2006-07-13 00:50:00",987,0,0,0,0,2.674,-14.81,-14.81,89
"2006-07-13 00:55:00",988,0.577,350.8,10.41,0.879,2.782,-18.25,-18.25,88.6
"2006-07-13 01:00:00",989,0.609,338.1,4.156,1.411,2.783,-24.05,-24.05,88.7
"2006-07-13 01:05:00",990,0.24,335.6,7.686,0.755,2.831,-23.67,-23.67,87.4
"2006-07-13 01:10:00",991,1.132,327.4,7.149,1.444,2.976,-24.15,-24.15,86.9
"2006-07-13 01:15:00",992,0.252,282.2,28.01,0.585,2.927,-15.94,-15.94,86.3
"2006-07-13 01:20:00",993,0,0,0,0,2.831,-8.37,-8.37,87.3
"2006-07-13 01:25:00",994,0.494,309.9,9.92,1.078,2.538,-9.57,-9.57,89.4
"2006-07-13 01:30:00",995,0.58,344.3,21.81,0.993,2.536,-8.86,-8.86,89.3
"2006-07-13 01:35:00",996,1.194,70.64,18.52,1.689,2.879,-11.78,-11.78,86.7
"2006-07-13 01:40:00",997,1.019,189.8,64.35,1.454,3,-20,-20,86.7
"2006-07-13 01:45:00",998,1.955,332.5,25.75,2.447,3.22,-30.96,-30.96,84.4
"2006-07-13 01:50:00",999,3.74,317.6,11.06,5.207,3.514,-43.07,-43.11,82.4
"2006-07-13 01:55:00",1000,3.879,319.6,18.26,4.753,3.513,-45.9,-45.9,81.9
"2006-07-13 02:00:00",1001,2.368,322.3,5.471,3.165,3.464,-42.05,-42.05,82.8
"2006-07-13 02:05:00",1002,2.333,323.9,8.44,3.358,3.708,-52.13,-52.13,80.3
"2006-07-13 02:10:00",1003,1.79,304.9,19.96,3.668,3.781,-53.47,-53.47,79.15
"2006-07-13 02:15:00",1004,0.888,205.9,53.63,1.147,3.195,-48.13,-48.13,85
"2006-07-13 02:20:00",1005,0.934,271.3,45.78,1.594,2.389,-51.41,-51.41,89.3
"2006-07-13 02:25:00",1006,1.473,327.4,9.27,1.601,2.536,-55.75,-55.75,89.9
"2006-07-13 02:30:00",1007,1.246,348.6,8.86,1.656,2.975,-54.55,-54.55,87.1
"2006-07-13 02:35:00",1008,0.795,340.7,4.812,0.98,3.269,-60.29,-60.29,83.7
"2006-07-13 02:40:00",1009,0.743,312.2,7.688,1.369,3.416,-64.58,-64.58,82.5
"2006-07-13 02:45:00",1010,1.656,336.1,9.83,2.051,3.416,-69.61,-69.61,82.2
"2006-07-13 02:50:00",1011,0.603,345.3,13.58,1.068,3.416,-64.09,-64.09,81.9
"2006-07-13 02:55:00",1012,0.243,299.4,8.1,0.51,3.221,-65.61,-65.61,82.7
"2006-07-13 03:00:00",1013,0.493,309.5,8.85,0.908,3.074,-65.17,-65.17,84.7
"2006-07-13 03:05:00",1014,0.66,330.3,7.249,0.879,3.269,-62.61,-62.61,82.9
"2006-07-13 03:10:00",1015,0.865,334.8,6.896,1.111,3.317,-62.76,-62.76,81.5
"2006-07-13 03:15:00",1016,0.619,349.7,14.74,0.771,3.367,-57.32,-57.32,81.1
"2006-07-13 03:20:00",1017,0.748,0.788,2.583,1.111,3.488,-52.36,-52.36,77.85
"2006-07-13 03:25:00",1018,0.285,327.3,24.95,0.644,3.268,-45.31,-45.31,80.3
"2006-07-13 03:30:00",1019,1.002,296.6,6.785,1.646,3.024,-45.43,-45.43,82.6
"2006-07-13 03:35:00",1020,1.148,303.4,3.95,1.418,3.122,-44.15,-44.15,82.8
"2006-07-13 03:40:00",1021,0.822,322.6,18.64,1.483,3.126,-39.15,-39.15,82.5
"2006-07-13 03:45:00",1022,1.376,356.9,7.588,1.695,3.355,-35.04,-35.04,81.5
"2006-07-13 03:50:00",1023,1.076,2.882,4.3,1.408,3.526,-34.81,-34.81,79.73
"2006-07-13 03:55:00",1024,0.68,7.968,8.86,1.045,3.635,-43.33,-43.33,77.44
"2006-07-13 04:00:00",1025,0.682,342.3,4.381,1.251,3.501,-53.7,-53.7,77.95
"2006-07-13 04:05:00",1026,0.859,340,9.87,1.565,3.464,-64.81,-64.81,79.04
"2006-07-13 04:10:00",1027,0.991,1.817,6.514,1.307,3.512,-64.48,-64.48,77.24
"2006-07-13 04:15:00",1028,0.932,4.46,5.784,1.434,3.659,-64.17,-64.17,77.3
"2006-07-13 04:20:00",1029,1.412,341.5,7.601,2.159,3.317,-69.56,-69.56,78.53
"2006-07-13 04:25:00",1030,2.885,335.4,10.7,3.659,3.416,-80.3,-80.3,77.68
"2006-07-13 04:30:00",1031,4.209,328.6,11.04,4.851,3.332,-82.8,-82.8,77.92
"2006-07-13 04:35:00",1032,3.954,341.8,7.747,4.828,3.418,-79.55,-79.55,75.43
"2006-07-13 04:40:00",1033,1.739,356.3,38.97,3.894,3.026,-68.66,-68.66,79.25
"2006-07-13 04:45:00",1034,0.331,301.3,24.68,1.225,2.781,-64.2,-64.2,80.1
"2006-07-13 04:50:00",1035,1.287,320.4,5.984,1.614,2.634,-70.05,-70.05,81.6
"2006-07-13 04:55:00",1036,1.361,326.2,8.25,1.597,2.879,-70.05,-70.05,81.3
"2006-07-13 05:00:00",1037,1.937,333.5,6.186,2.705,3.03,-72.8,-72.8,79.36
"2006-07-13 05:05:00",1038,2.951,340.3,9.55,3.508,3.129,-75.29,-75.29,78.64
"2006-07-13 05:10:00",1039,2.689,337.7,11.16,4.58,3.425,-72.77,-72.77,79.4
"2006-07-13 05:15:00",1040,3.061,348.3,4.386,3.864,3.278,-62.76,-62.76,74.96
"2006-07-13 05:20:00",1041,2.445,344.3,5.873,3.551,3.129,-47.28,-47.28,76.87
"2006-07-13 05:25:00",1042,1.351,327.9,10.69,1.869,2.839,-32.83,-32.83,80.6
"2006-07-13 05:30:00",1043,0.791,341.9,10.43,1.209,3.032,-24.98,-24.98,79.97
"2006-07-13 05:35:00",1044,0.809,348.7,11.54,1.539,3.042,-21.61,-21.61,81
"2006-07-13 05:40:00",1045,0.453,332.6,20.29,1.192,3.469,-16.12,-16.12,78.57
"2006-07-13 05:45:00",1046,0.116,15.46,2.056,0.519,3.395,-10.68,-10.68,78.84
"2006-07-13 05:50:00",1047,1.241,337.9,18.12,1.65,3.369,-14.12,-14.12,78.57
"2006-07-13 05:55:00",1048,1.377,343.3,5.68,1.699,3.661,-11.68,-11.68,77.61
"2006-07-13 06:00:00",1049,1.415,341.6,2.587,2.058,3.806,-14.22,-14.22,77.13
"2006-07-13 06:05:00",1050,1.527,331.9,14.81,2.512,3.61,-25.67,-25.67,77.68
"2006-07-13 06:10:00",1051,1.736,317.9,9.01,2.303,3.44,-43.28,-43.28,78.33
"2006-07-13 06:15:00",1052,0.586,1.407,31.2,1.222,3.466,-39.97,-39.97,77.95
"2006-07-13 06:20:00",1053,1.278,24.34,7.131,1.797,3.465,-25.75,-25.75,77.41
"2006-07-13 06:25:00",1054,0.796,9.12,11.57,0.996,3.611,-20.95,-20.95,75.77
"2006-07-13 06:30:00",1055,1.251,349.9,32.68,1.666,3.672,-34.35,-34.35,76.32
"2006-07-13 06:35:00",1056,1.908,334.8,4.041,2.202,3.709,-34.42,-34.42,75.67
"2006-07-13 06:40:00",1057,1.524,324.4,13.79,2.055,3.708,-34.37,-34.37,75.56
"2006-07-13 06:45:00",1058,0.944,317.3,18.05,1.29,3.671,-30.26,-30.26,75.73
"2006-07-13 06:50:00",1059,0.44,359.3,11.18,0.898,3.708,-24,-24,75.36
"2006-07-13 06:55:00",1060,0.881,348.3,11.15,1.052,3.708,-17.97,-17.97,75.32
"2006-07-13 07:00:00",1061,0.736,17.26,8.72,1.228,3.878,0.308,0.308,75.19
"2006-07-13 07:05:00",1062,0.714,337.5,11.36,1.539,3.952,8.98,8.98,73.45
"2006-07-13 07:10:00",1063,0.847,333.3,24.83,1.875,3.708,23.28,23.28,74.71
"2006-07-13 07:15:00",1064,0.424,341,4.284,1.532,3.805,25.82,25.82,74.2
"2006-07-13 07:20:00",1065,1.236,335.4,4.528,1.633,4.196,13.22,13.22,71.81
"2006-07-13 07:25:00",1066,0.148,335,1.783,0.542,4.538,4.261,4.261,71.37
"2006-07-13 07:30:00",1067,0.033,33.78,0.004,0.333,4.55,-3.183,-3.183,70.68
"2006-07-13 07:35:00",1068,0.242,28.79,5.025,0.777,4.44,14.99,14.99,70.96
"2006-07-13 07:40:00",1069,0.298,347.4,5.955,1.303,4.294,20.94,20.94,72.39
"2006-07-13 07:45:00",1070,0.557,333.2,20.8,1.405,4.245,0.693,0.693,72.63
"2006-07-13 07:50:00",1071,1.101,312.9,11.36,1.744,4.097,18.4,18.4,73.11
"2006-07-13 07:55:00",1072,3.124,325.1,4.646,4.795,4.487,35,35,70.58
"2006-07-13 08:00:00",1073,4.183,322.1,12.18,5.063,4.481,-36.39,-36.39,70.47
"2006-07-13 08:05:00",1074,4.636,325.3,6.514,5.25,4.282,-39.83,-39.88,72.75
"2006-07-13 08:10:00",1075,4.859,325.1,8.42,5.56,3.964,-20.84,-20.89,75.76
"2006-07-13 08:15:00",1076,3.553,316.7,21.84,5.354,4.232,17.73,17.73,72.45
"2006-07-13 08:20:00",1077,1.624,297.5,53.49,2.303,4.232,42.9,42.9,73.78
"2006-07-13 08:25:00",1078,0.971,56.48,87,1.728,3.987,43.16,43.16,76.27
"2006-07-13 08:30:00",1079,0.333,311.7,23.44,1.539,4.134,52.48,52.48,75.41
"2006-07-13 08:35:00",1080,1.86,323,12.89,2.584,4.036,62.07,62.07,77.63
"2006-07-13 08:40:00",1081,0.964,289.3,12.18,1.349,3.89,42.03,42.03,77.63
"2006-07-13 08:45:00",1082,1.27,314.2,11.39,1.908,3.521,40.59,40.59,80.5
"2006-07-13 08:50:00",1083,0.491,305.5,10,0.833,3.694,37.67,37.67,79.61
"2006-07-13 08:55:00",1084,0.378,296.1,10.61,0.676,3.79,55.68,55.68,78.76
"2006-07-13 09:00:00",1085,1.022,319.7,20.64,1.526,3.754,81,81,79.06
"2006-07-13 09:05:00",1086,0.505,3.092,15.33,1.091,4.254,82.1,82.1,77.02
"2006-07-13 09:10:00",1087,0.624,345.6,13.14,1.016,4.18,74.28,74.28,76.98
"2006-07-13 09:15:00",1088,0.196,28.43,15.43,0.523,4.961,150.3,150.3,73.5
"2006-07-13 09:20:00",1089,0.136,39.56,13.5,0.385,5.228,118.4,118.4,72.27
"2006-07-13 09:25:00",1090,0.246,12.26,9.53,0.405,4.959,150,150,72.58
"2006-07-13 09:30:00",1091,0.559,333.6,1.716,1.186,4.577,156.6,156.6,74.55
"2006-07-13 09:35:00",1092,1.134,342.4,2.349,1.467,5.001,291.1,291.1,72.71
"2006-07-13 09:40:00",1093,0.982,359.7,4.47,1.153,4.899,169.9,169.9,73.73
"2006-07-13 09:45:00",1094,0.926,2.554,3.324,1.026,4.307,48.25,48.25,76.42
"2006-07-13 09:50:00",1095,0.588,8.42,0.075,0.921,4.256,54.87,54.87,77.1
"2006-07-13 09:55:00",1096,0.025,228.4,19.43,0.118,4.157,73.44,73.44,78.15
"2006-07-13 10:00:00",1097,0.476,307.1,7.135,1.078,3.181,69.72,69.72,84
"2006-07-13 10:05:00",1098,0.567,275,51.36,0.928,2.79,47.89,47.89,88.5
"2006-07-13 10:10:00",1099,0.246,240.6,20.6,0.523,2.79,34.14,34.14,88.8
"2006-07-13 10:15:00",1100,0.948,303.1,9.51,1.712,2.546,16.13,16.13,89.6
"2006-07-13 10:20:00",1101,2.766,327.9,9.25,3.211,2.595,-2.309,-2.309,90.3
"2006-07-13 10:25:00",1102,3.68,316.5,8.82,4.668,2.742,7.054,7.054,89.2
"2006-07-13 10:30:00",1103,4.333,314,2.916,5.112,2.943,9.85,9.85,85.9
"2006-07-13 10:35:00",1104,4.01,315.1,7.765,5.184,3.191,-9.39,-9.41,82.8
"2006-07-13 10:40:00",1105,5.548,9.35,16.7,6.906,3.388,-59.08,-60.12,76.39
"2006-07-13 10:45:00",1106,6.19,23.87,16.31,6.608,2.706,-72.57,-74.37,82
"2006-07-13 10:50:00",1107,6.208,321.8,14.37,6.556,2.125,-44.3,-45.45,86.8
"2006-07-13 10:55:00",1108,4.95,311.8,7.71,5.867,2.568,0.821,0.732,83.8
"2006-07-13 11:00:00",1109,4.786,318.4,3.057,5.014,2.69,22.99,22.99,83.3
"2006-07-13 11:05:00",1110,3.715,321.8,2.35,4.123,3.107,57.98,57.98,80.9
"2006-07-13 11:10:00",1111,3.177,325.7,3.347,3.616,3.499,67.43,67.43,78.62
"2006-07-13 11:15:00",1112,3.277,324.8,4.865,3.642,3.89,57.32,57.32,75.52
"2006-07-13 11:20:00",1113,2.89,322,3.794,3.463,4.207,76,76,73.74
"2006-07-13 11:25:00",1114,1.582,312.4,15.1,2.084,4.268,110.1,110.1,74.05
"2006-07-13 11:30:00",1115,1.357,300.6,12.78,1.643,4.426,141.6,141.6,72.27
"2006-07-13 11:35:00",1116,1.583,299.4,5.806,1.718,4.669,207.1,207.1,71.11
"2006-07-13 11:40:00",1117,1.625,279.2,30.01,2.074,4.851,281,281,70.77
"2006-07-13 11:45:00",1118,0.203,254.8,17.35,0.604,6.741,487.5,487.5,63.77
"2006-07-13 11:50:00",1119,0.372,328.4,1.898,0.699,7.296,364.6,364.6,60.83
"2006-07-13 11:55:00",1120,0.557,321.3,5.469,0.804,6.994,316.1,316.1,61.1
"2006-07-13 12:00:00",1121,1.133,325.5,6.948,1.777,5.911,325.9,325.9,65.63
"2006-07-13 12:05:00",1122,1.613,341.2,4.195,1.882,5.612,338.9,338.9,67.06
"2006-07-13 12:10:00",1123,0.612,337.8,2.193,1.156,5.219,58.88,58.88,70.19
"2006-07-13 12:15:00",1124,0.034,337.4,0.022,0.176,7.656,384.9,384.9,59.62
"2006-07-13 12:20:00",1125,0,0,0,0,8.72,285.6,285.6,56.99
"2006-07-13 12:25:00",1126,0,0,0,0,8.33,250.2,250.2,58.21
"2006-07-13 12:30:00",1127,0.292,338.1,0.03,0.686,6.644,211.1,211.1,65.81
"2006-07-13 12:35:00",1128,0.681,338.5,0.141,0.804,5.228,-1.872,-1.872,73.62
"2006-07-13 12:40:00",1129,0.955,338.7,0.046,1.143,5.838,385.4,385.4,70.96
"2006-07-13 12:45:00",1130,1.214,342.8,4.211,1.31,6.033,427.7,427.7,69.6
"2006-07-13 12:50:00",1131,1.574,346.9,2.225,1.836,5.643,364.7,364.7,70.38
"2006-07-13 12:55:00",1132,1.678,341.6,2.261,1.865,5.774,455.6,455.6,68.98
"2006-07-13 13:00:00",1133,1.558,345.2,5.136,1.803,5.855,458.5,458.5,67.48
"2006-07-13 13:05:00",1134,1.817,344.7,4.384,2.104,5.144,186.6,186.6,71.91
"2006-07-13 13:10:00",1135,1.634,357.3,2.974,2.051,5.826,440.8,440.8,66.62
"2006-07-13 13:15:00",1136,1.585,351.7,3.863,1.976,6.215,461.2,461.2,67.68
"2006-07-13 13:20:00",1137,0.848,354,4.333,1.372,6.703,474.4,474.4,64.27
"2006-07-13 13:25:00",1138,1.314,350.5,2.312,1.637,5.873,242,242,68.36
"2006-07-13 13:30:00",1139,1.4,351.6,1.42,1.682,6.312,435.6,435.6,67.1
"2006-07-13 13:35:00",1140,1.425,354.2,3.003,1.545,6.553,520.8,520.8,64.95
"2006-07-13 13:40:00",1141,1.325,359.1,4.657,1.581,6.914,553.5,553.5,62.83
"2006-07-13 13:45:00",1142,1.48,350.5,3.022,1.64,6.789,556.6,556.6,64.16
"2006-07-13 13:50:00",1143,0.874,354.4,7.65,1.248,7.031,535.8,535.8,63.1
"2006-07-13 13:55:00",1144,1.215,339.1,3.748,1.388,6.738,534.4,534.4,64.97
"2006-07-13 14:00:00",1145,1.035,336.6,3.896,1.228,6.787,531.6,531.6,64.6
"2006-07-13 14:05:00",1146,1.385,355.5,5.87,1.555,6.589,453,453,66.1
"2006-07-13 14:10:00",1147,1.181,348.4,10.07,1.372,6.779,427.7,427.7,65.82
"2006-07-13 14:15:00",1148,2.242,324.7,2.116,2.953,5.874,599.1,599.1,69.12
"2006-07-13 14:20:00",1149,2.551,335.8,6.628,2.849,5.849,591.1,591.1,70.01
"2006-07-13 14:25:00",1150,2.184,340.3,2.97,2.316,6.141,526.5,526.5,68.51
"2006-07-13 14:30:00",1151,1.597,339.3,8.1,1.983,6.508,518.7,518.7,66.77
"2006-07-13 14:35:00",1152,1.262,339.4,3.526,1.424,6.769,541.1,541.1,65.72
"2006-07-13 14:40:00",1153,1.815,338.5,3.408,2.208,6.441,564.3,564.3,66.85
"2006-07-13 14:45:00",1154,2.048,337.3,2.526,2.244,6.295,565.2,565.2,67.29
"2006-07-13 14:50:00",1155,2.419,339.9,3.622,2.639,6.198,583.7,583.7,67.6
"2006-07-13 14:55:00",1156,2.536,341,3.337,2.796,6.346,582.4,582.4,67.19
"2006-07-13 15:00:00",1157,2.164,344.6,3.419,2.28,6.639,580.7,580.7,65.96
"2006-07-13 15:05:00",1158,1.646,340.9,7.856,2.094,6.396,368.7,368.7,66.85
"2006-07-13 15:10:00",1159,1.14,351.7,6.642,1.601,7.03,477.1,477.1,64.19
"2006-07-13 15:15:00",1160,1.537,357.9,4.724,1.882,7.029,536.3,536.3,64.15
"2006-07-13 15:20:00",1161,2.036,345.1,3.694,2.254,6.713,497.4,497.4,65.11
"2006-07-13 15:25:00",1162,2.654,335.1,1.989,2.757,6.297,421.9,421.9,66.71
"2006-07-13 15:30:00",1163,2.674,330,2.158,2.77,6.103,379.7,379.7,67.46
"2006-07-13 15:35:00",1164,2.484,333.3,3.278,2.793,6.225,361.6,361.6,66.68
"2006-07-13 15:40:00",1165,2.086,335.8,2.302,2.463,6.786,488.4,488.4,62.72
"2006-07-13 15:45:00",1166,1.738,333,3.404,2.13,6.835,465.8,465.8,61.74
"2006-07-13 15:50:00",1167,1.405,336.5,6.238,1.888,7.116,467.8,467.8,59.93
"2006-07-13 15:55:00",1168,0.904,338.6,6.865,1.098,7.786,506,506,56.72
"2006-07-13 16:00:00",1169,1.178,347.3,8.21,1.274,7.518,483.7,483.7,57.99
"2006-07-13 16:05:00",1170,1.042,12.51,2.514,1.241,7.494,400.5,400.5,58.5
"2006-07-13 16:10:00",1171,0.801,10.71,13.09,1.042,7.86,397.7,397.7,57.27
"2006-07-13 16:15:00",1172,1.074,356,10.64,1.784,7.762,434.2,434.2,57.47
"2006-07-13 16:20:00",1173,1.698,348.1,4.923,1.96,7.322,431.8,431.8,58.7
"2006-07-13 16:25:00",1174,1.27,355.4,7.298,1.48,7.32,305.7,305.7,58.63
"2006-07-13 16:30:00",1175,1.626,343.9,3.982,1.839,6.976,253.1,253.1,60.26
"2006-07-13 16:35:00",1176,1.621,351.8,7.861,1.878,7.118,349.9,349.9,58.8
"2006-07-13 16:40:00",1177,1.624,351.6,7.528,2.068,6.888,288.1,288.1,59.65
"2006-07-13 16:45:00",1178,2.14,345.8,5.947,2.45,6.828,373,373,60.16
"2006-07-13 16:50:00",1179,1.99,340,3.229,2.176,7.075,421.1,421.1,58.56
"2006-07-13 16:55:00",1180,1.602,340,2.965,1.976,7.272,383.9,383.9,57.2
"2006-07-13 17:00:00",1181,1.536,348.5,2.993,1.715,7.42,332.2,332.2,55.87
"2006-07-13 17:05:00",1182,1.346,2.568,6.741,1.46,7.664,344.3,344.3,55.29
"2006-07-13 17:10:00",1183,1.64,3.689,3.632,2.002,7.567,347.9,347.9,55.05
"2006-07-13 17:15:00",1184,1.959,358.2,31.35,2.424,7.419,366.1,366.1,56.25
"2006-07-13 17:20:00",1185,1.83,353.9,7.99,2.388,7.273,495.4,495.4,56.59
"2006-07-13 17:25:00",1186,1.911,340.9,4.743,2.47,7.269,482.5,482.5,56.55
"2006-07-13 17:30:00",1187,1.867,343.9,9.04,2.323,7.558,492,492,55.32
"2006-07-13 17:35:00",1188,1.682,357.6,4.929,2.136,7.752,467.7,467.7,54.13
"2006-07-13 17:40:00",1189,1.254,19.79,18.69,1.718,7.701,297.4,297.4,54.3
"2006-07-13 17:45:00",1190,0.798,67.39,24.07,1.13,7.554,158.5,158.5,55.42
"2006-07-13 17:50:00",1191,1.536,9.31,6.844,2.172,6.773,84.5,84.5,58.25
"2006-07-13 17:55:00",1192,2.256,1.435,6.693,2.577,6.724,186.8,186.8,58.38
"2006-07-13 18:00:00",1193,2.131,1.921,3.174,2.368,7.384,380.2,380.2,55.66
"2006-07-13 18:05:00",1194,2.733,6.678,5.213,2.953,6.922,194,194,57.33
"2006-07-13 18:10:00",1195,2.025,13.13,10.61,3.107,7.67,393.2,393.2,54.71
"2006-07-13 18:15:00",1196,1.08,11.72,17.23,1.757,8.2,396.2,396.2,52.46
"2006-07-13 18:20:00",1197,0.909,24.74,5.123,1.624,8.69,367.7,367.7,50.79
"2006-07-13 18:25:00",1198,2.003,6.302,6.627,2.244,7.709,353.9,353.9,53.93
"2006-07-13 18:30:00",1199,2.556,355.4,4.072,2.96,7.362,382.1,382.1,55.15
"2006-07-13 18:35:00",1200,2.038,356.1,3.884,2.496,7.8,375.3,375.3,53.21
"2006-07-13 18:40:00",1201,1.8,2.379,6.322,2.479,7.654,358.7,358.7,54.43
"2006-07-13 18:45:00",1202,2.077,6.609,5.454,2.594,7.457,325.9,325.9,54.36
"2006-07-13 18:50:00",1203,1.513,0.133,4.37,1.699,7.677,282.5,282.5,52.49
"2006-07-13 18:55:00",1204,1.423,7.864,5.914,1.689,7.603,188.6,188.6,52.73
"2006-07-13 19:00:00",1205,1.779,359.1,4.178,1.947,7.31,160.1,160.1,53.41
"2006-07-13 19:05:00",1206,2.15,342.4,2.631,2.45,6.968,268.7,268.7,55.73
"2006-07-13 19:10:00",1207,1.807,341,4.451,2.234,7.31,297.8,297.8,54.09
"2006-07-13 19:15:00",1208,1.527,355.5,12.04,1.953,7.75,295.1,295.1,52.01
"2006-07-13 19:20:00",1209,1.047,4.362,9.44,1.31,8.04,286.2,286.2,50.78
"2006-07-13 19:25:00",1210,1.434,347.6,1.815,1.561,7.409,226.8,226.8,53.27
"2006-07-13 19:30:00",1211,0.987,350.5,3.159,1.14,7.127,119.5,119.5,54.4
"2006-07-13 19:35:00",1212,1.035,338.3,4.989,1.209,6.822,77.41,77.41,55.32
"2006-07-13 19:40:00",1213,0.53,339.5,5.424,0.83,6.773,69.91,69.91,55.93
"2006-07-13 19:45:00",1214,0.45,358,8.27,0.624,6.822,80.5,80.5,55.32
"2006-07-13 19:50:00",1215,0.614,1.076,3.903,0.807,6.726,84.8,84.8,54.91
"2006-07-13 19:55:00",1216,1.013,10.18,9.1,1.241,6.56,81.7,81.7,55.22
"2006-07-13 20:00:00",1217,1.429,12.4,17.32,1.806,6.589,75.57,75.57,56.42
"2006-07-13 20:05:00",1218,1.217,16.29,6.472,1.591,6.517,59.76,59.76,55.46
"2006-07-13 20:10:00",1219,0.99,7.911,10.45,1.287,6.397,49.31,49.31,56.55
"2006-07-13 20:15:00",1220,0.76,339.3,7.983,1.14,6.153,40.68,40.68,57.61
"2006-07-13 20:20:00",1221,0.71,2.661,6.763,1.081,6.134,33.66,33.66,57.55
"2006-07-13 20:25:00",1222,1.511,344.2,19.6,1.862,6.114,33.07,33.07,57.24
"2006-07-13 20:30:00",1223,1.713,341.5,5.012,1.996,6.264,32.53,32.53,56.12
"2006-07-13 20:35:00",1224,1.841,337,4.123,2.016,6.159,36.94,36.94,57.45
"2006-07-13 20:40:00",1225,1.682,337.7,4.779,2.065,6.152,37.48,37.48,56.91
"2006-07-13 20:45:00",1226,1.49,351.5,6.435,2.159,6.129,37.56,37.56,56.71
"2006-07-13 20:50:00",1227,1.649,343.6,6.108,1.927,6.154,32.15,32.15,57.32
"2006-07-13 20:55:00",1228,1.888,342.5,6.827,2.143,6.252,27.84,27.84,56.27
"2006-07-13 21:00:00",1229,1.488,343,4.775,1.771,6.35,26.74,26.74,55.92
"2006-07-13 21:05:00",1230,1.232,358,24.07,1.496,6.521,28.95,28.95,55.24
"2006-07-13 21:10:00",1231,1.381,350.8,3.341,1.532,6.423,31.66,31.66,55.52
"2006-07-13 21:15:00",1232,1.479,343.6,3.143,1.565,6.338,35.59,35.59,56.23
"2006-07-13 21:20:00",1233,3.669,334.4,4.12,6.687,5.887,41.41,41.63,64.89
"2006-07-13 21:25:00",1234,7.036,327.9,5.678,8.78,4.961,46.1,48.15,74.34
"2006-07-13 21:30:00",1235,6.21,335.8,1.664,6.981,5.206,34.26,35.14,74.34
"2006-07-13 21:35:00",1236,6.194,334.5,2.494,7.144,4.99,30.23,30.97,77.14
"2006-07-13 21:40:00",1237,6.788,338.4,4.934,7.161,4.726,26.62,27.63,78.99
"2006-07-13 21:45:00",1238,6.61,337.6,2.705,7.21,4.728,21.67,22.4,78.55
"2006-07-13 21:50:00",1239,6.477,340.4,5.243,6.951,4.728,15.69,16.19,78.75
"2006-07-13 21:55:00",1240,6.459,338.3,3.044,6.958,4.753,8.05,8.29,78.34
"2006-07-13 22:00:00",1241,6.132,333.3,1.987,6.432,4.826,4.616,4.723,77.15
"2006-07-13 22:05:00",1242,6.195,335.2,3.138,6.448,4.767,2.667,2.74,77.87
"2006-07-13 22:10:00",1243,6.282,333.6,2.177,6.677,4.731,-0.795,-0.819,77.83
"2006-07-13 22:15:00",1244,6.035,329.9,5.736,6.409,4.634,-4.129,-4.22,77.32
"2006-07-13 22:20:00",1245,4.977,334.9,4.98,5.455,4.829,-9.36,-9.39,74.87
"2006-07-13 22:25:00",1246,4.876,340.1,3.25,5.279,5.319,-10.21,-10.22,71.53
"2006-07-13 22:30:00",1247,4.988,336.8,7.502,6.034,4.736,-3.386,-3.436,75.08
"2006-07-13 22:35:00",1248,4.584,327.5,19.63,6.079,5.093,-8,-8.11,69.65
"2006-07-13 22:40:00",1249,1.301,309,84.2,2.796,5.693,-0.487,-0.487,69.28
"2006-07-13 22:45:00",1250,0.247,242.2,38.45,0.856,5.62,2.668,2.668,70.58
"2006-07-13 22:50:00",1251,0.235,15.8,40.47,0.794,5.437,-0.18,-0.18,71.6
"2006-07-13 22:55:00",1252,0.569,24.42,76.96,1.049,5.084,-0.59,-0.59,74.71
"2006-07-13 23:00:00",1253,1.582,140.7,18.46,2.283,4.547,0.051,0.051,79.65
"2006-07-13 23:05:00",1254,1.371,149.3,11.14,1.663,4.547,-0.051,-0.051,82
"2006-07-13 23:10:00",1255,0.246,137.2,16.1,0.562,4.449,-0.487,-0.487,80.9
"2006-07-13 23:15:00",1256,0.992,6.181,11.7,1.908,4.23,0.795,0.795,81.9
"2006-07-13 23:20:00",1257,1.612,352.3,11.91,2.202,4.254,0.41,0.41,79.72
"2006-07-13 23:25:00",1258,1.551,351.3,9.02,2.078,4.449,0.231,0.231,76.79
"2006-07-13 23:30:00",1259,1.434,32.34,19.68,1.862,4.303,2.437,2.437,76.99
"2006-07-13 23:35:00",1260,0.988,8.48,20.62,1.437,4.4,0.795,0.795,77.33
"2006-07-13 23:40:00",1261,0.985,0.465,18.69,1.764,4.645,0.975,0.975,76.17
"2006-07-13 23:45:00",1262,1.922,353.6,8.05,3.08,4.45,-2.052,-2.052,78.56
"2006-07-13 23:50:00",1263,4.08,341.2,6.477,5.22,3.914,-4.335,-4.339,83.5
"2006-07-13 23:55:00",1264,4.281,340.9,3.896,4.877,4.014,-11.65,-11.65,82.2
"2006-07-14 00:00:00",1265,3.815,337,2.876,4.309,3.919,-19.21,-19.21,81.9
"2006-07-14 00:05:00",1266,3.908,337.3,4.794,4.707,3.776,-16.88,-16.88,84.6
"2006-07-14 00:10:00",1267,2.618,305.9,32.05,4.449,4.095,-15.47,-15.47,81.2
"2006-07-14 00:15:00",1268,0.383,33.28,48.31,1.29,4.12,-11.67,-11.67,81.2
"2006-07-14 00:20:00",1269,2.571,329.5,11.26,3.276,4.121,-17.39,-17.39,80.9
"2006-07-14 00:25:00",1270,1.667,329.1,13.12,2.091,4.121,-11.95,-11.95,81
"2006-07-14 00:30:00",1271,3.175,330,7.247,4.227,3.832,-9.36,-9.36,83.6
"2006-07-14 00:35:00",1272,4.925,328.5,4.112,5.782,3.612,-9.93,-9.96,88.4
"2006-07-14 00:40:00",1273,5.169,327.8,4.805,5.579,3.588,-14.52,-14.59,88.3
"2006-07-14 00:45:00",1274,5.304,325.7,5.622,5.847,3.395,-13.19,-13.28,90
"2006-07-14 00:50:00",1275,5.525,329.4,4.347,6.233,3.359,-14.96,-15.13,90.1
"2006-07-14 00:55:00",1276,4.349,330.4,4.125,4.867,3.588,-18.24,-18.24,87.1
"2006-07-14 01:00:00",1277,3.922,336.4,4.466,4.599,3.652,-15.47,-15.47,87.1
"2006-07-14 01:05:00",1278,3.099,344,8.26,3.812,3.984,-15.47,-15.47,82.8
"2006-07-14 01:10:00",1279,1.52,338.7,7.772,2.483,4.131,-9.62,-9.62,81.3
"2006-07-14 01:15:00",1280,0.757,247.9,62.14,1.137,3.886,-5.901,-5.901,83.3
"2006-07-14 01:20:00",1281,0.158,231.7,52.48,0.699,3.631,-4.259,-4.259,84
"2006-07-14 01:25:00",1282,0.22,311.5,53.66,0.497,3.375,-3.669,-3.669,86.4
"2006-07-14 01:30:00",1283,0.801,157.3,9.36,1.183,3.449,-1.796,-1.796,87.7
"2006-07-14 01:35:00",1284,0.163,6.344,38.6,0.451,3.302,-3.823,-3.823,88.1
"2006-07-14 01:40:00",1285,0.448,339.1,11.13,0.826,3.302,-8.62,-8.62,88
"2006-07-14 01:45:00",1286,1.279,326,3.992,1.591,3.326,-20.22,-20.22,87.8
"2006-07-14 01:50:00",1287,1.102,330.7,4.485,1.421,3.4,-22.42,-22.42,86.6
"2006-07-14 01:55:00",1288,0.979,332.3,4.722,1.382,3.496,-22.09,-22.09,85.4
"2006-07-14 02:00:00",1289,0.968,341.8,5.165,1.098,3.669,-21.83,-21.83,84.2
"2006-07-14 02:05:00",1290,0.496,357.1,6.727,0.797,3.792,-14.93,-14.93,83.4
"2006-07-14 02:10:00",1291,0.701,9.83,6.016,1.352,3.841,-14.39,-14.39,82.6
"2006-07-14 02:15:00",1292,1.599,359.6,1.684,1.702,3.89,-25.15,-25.15,82.5
"2006-07-14 02:20:00",1293,1.807,359.7,1.808,1.891,3.963,-28.56,-28.56,82.4
"2006-07-14 02:25:00",1294,1.472,358.6,2.674,1.806,4.085,-29.92,-29.92,81
"2006-07-14 02:30:00",1295,1.282,345.4,3.977,1.457,4.085,-34,-34,80.6
"2006-07-14 02:35:00",1296,2.83,332.1,3.288,3.241,3.548,-44.29,-44.29,83.9
"2006-07-14 02:40:00",1297,2.493,339.3,5.294,3.12,3.877,-46.52,-46.52,82.5
"2006-07-14 02:45:00",1298,1.578,342.7,2.248,1.957,4.036,-43.26,-43.26,81.3
"2006-07-14 02:50:00",1299,2.248,337.7,2.857,2.577,3.975,-50.22,-50.22,80.8
"2006-07-14 02:55:00",1300,1.561,335.5,4.298,2.143,3.987,-44.44,-44.44,79.88
"2006-07-14 03:00:00",1301,1.232,335.1,3.5,1.506,3.987,-42.9,-42.9,79.78
"2006-07-14 03:05:00",1302,0.835,333.4,3.959,0.996,3.89,-38.52,-38.52,79.95
"2006-07-14 03:10:00",1303,0.789,338.1,4.309,1.307,3.841,-37.62,-37.62,80.7
"2006-07-14 03:15:00",1304,0.656,303.4,23.77,1.12,3.694,-31.51,-31.51,82.8
"2006-07-14 03:20:00",1305,0.14,269.5,1.206,0.66,3.353,-24.43,-24.43,85.7
"2006-07-14 03:25:00",1306,0.287,323.1,2.982,0.657,3.206,-21.04,-21.04,87.7
"2006-07-14 03:30:00",1307,0.708,339.4,6.924,0.777,3.365,-20.14,-20.14,87.5
"2006-07-14 03:35:00",1308,1.173,328.2,3.847,1.408,3.402,-27.12,-27.12,86.7
"2006-07-14 03:40:00",1309,0.93,332.5,5.776,1.019,3.279,-28.28,-28.28,85.2
"2006-07-14 03:45:00",1310,0.514,16.98,13.93,0.774,3.304,-25.53,-25.53,85.3
"2006-07-14 03:50:00",1311,0.635,23.85,3.442,0.853,3.365,-26.15,-26.15,84.8
"2006-07-14 03:55:00",1312,0.599,30.19,4.473,0.706,3.45,-24.79,-24.79,84.9
"2006-07-14 04:00:00",1313,0.132,34.21,0.086,0.431,3.45,-22.3,-22.3,85
"2006-07-14 04:05:00",1314,0.504,326.4,0.729,0.889,3.353,-32.18,-32.18,85
"2006-07-14 04:10:00",1315,0.676,318.2,7.71,0.817,3.353,-37.13,-37.13,83.2
"2006-07-14 04:15:00",1316,0.469,326.7,7.261,0.673,3.109,-36.64,-36.64,84.3
"2006-07-14 04:20:00",1317,0.999,328.8,3.972,1.169,3.209,-41.95,-41.95,85.6
"2006-07-14 04:25:00",1318,0.71,344.4,6.955,0.983,3.402,-38.85,-38.85,85
"2006-07-14 04:30:00",1319,0.977,359.7,1.755,1.735,3.259,-38.75,-38.75,84.5
"2006-07-14 04:35:00",1320,1.427,359.3,2.424,1.591,3.397,-46.57,-46.57,85
"2006-07-14 04:40:00",1321,1.011,355.1,3.827,1.297,3.605,-49.76,-49.76,84
"2006-07-14 04:45:00",1322,0.678,351.1,2.477,0.915,3.691,-49.47,-49.47,83.6
"2006-07-14 04:50:00",1323,0.524,353.6,2.217,1.179,3.582,-48.7,-48.7,83
"2006-07-14 04:55:00",1324,1.224,356.5,3.781,1.522,3.558,-54.61,-54.61,82.4
"2006-07-14 05:00:00",1325,1.321,359,2.294,1.499,3.706,-55.71,-55.71,81.2
"2006-07-14 05:05:00",1326,1.211,357.3,2.976,1.3,3.841,-54.02,-54.02,80.2
"2006-07-14 05:10:00",1327,0.999,352.8,1.599,1.424,3.756,-50.51,-50.51,79.83
"2006-07-14 05:15:00",1328,0.478,352.9,1.922,1.039,3.707,-44.89,-44.89,79.32
"2006-07-14 05:20:00",1329,0.974,340.8,2.924,1.143,3.512,-48.89,-48.89,81.4
"2006-07-14 05:25:00",1330,0.639,12.63,14.3,0.921,3.463,-41.91,-41.91,82.2
"2006-07-14 05:30:00",1331,0,0,0,0,3.463,-31.13,-31.13,83.6
"2006-07-14 05:35:00",1332,0.056,7.536,0.896,0.255,3.415,-28.85,-28.85,83.7
"2006-07-14 05:40:00",1333,0.542,7.212,3.43,0.712,3.451,-29.69,-29.69,83.5
"2006-07-14 05:45:00",1334,0.666,0.521,6.245,0.777,3.512,-25.18,-25.18,83.4
"2006-07-14 05:50:00",1335,0.859,346,1.174,0.911,3.61,-27.72,-27.72,83.4
"2006-07-14 05:55:00",1336,0.691,347.5,3.485,0.791,3.671,-28.05,-28.05,83
"2006-07-14 06:00:00",1337,1.333,352.8,4.159,1.673,3.671,-33.08,-33.08,81.5
"2006-07-14 06:05:00",1338,1.119,348.3,4.198,1.558,3.83,-38.8,-38.8,80.3
"2006-07-14 06:10:00",1339,1.77,340.2,5.016,2.146,3.708,-44.07,-44.07,79.93
"2006-07-14 06:15:00",1340,1.728,329.1,1.967,2.051,3.805,-43.14,-43.14,80
"2006-07-14 06:20:00",1341,1.038,327.1,5.241,1.241,3.903,-34.72,-34.72,79.56
"2006-07-14 06:25:00",1342,0.956,333.8,3.906,1.166,3.952,-21.4,-21.4,79.66
"2006-07-14 06:30:00",1343,0.962,328,5.898,1.238,3.903,-12.24,-12.24,79.45
"2006-07-14 06:35:00",1344,1.285,334.9,7.447,1.437,3.902,-6.313,-6.313,79.42
"2006-07-14 06:40:00",1345,1.123,328,4.313,1.365,4.043,-2.181,-2.181,78.77
"2006-07-14 06:45:00",1346,0.331,325.9,5.631,0.758,4.042,7.93,7.93,78.73
"2006-07-14 06:50:00",1347,0.333,16.85,4.125,0.879,3.944,9.42,9.42,79.07
"2006-07-14 06:55:00",1348,0.407,355.4,10.56,0.706,3.907,9.88,9.88,79.28
"2006-07-14 07:00:00",1349,0.228,346.5,1.586,0.644,3.868,10.98,10.98,79.89
"2006-07-14 07:05:00",1350,0.434,346.6,0.082,0.696,3.952,12.68,12.68,79.34
"2006-07-14 07:10:00",1351,0.765,340,5.593,0.859,4.061,16.55,16.55,78.62
"2006-07-14 07:15:00",1352,0.692,335.2,4.523,0.771,4.158,21.53,21.53,77.94
"2006-07-14 07:20:00",1353,0.219,340.4,0.492,0.464,4.28,27.58,27.58,77.22
"2006-07-14 07:25:00",1354,0.002,341,0,0.023,4.28,30.97,30.97,77.32
"2006-07-14 07:30:00",1355,0,0,0,0,4.232,33.61,33.61,78.69
"2006-07-14 07:35:00",1356,0,0,0,0,4.232,36.72,36.72,78.59
"2006-07-14 07:40:00",1357,0.368,1.042,1.266,0.552,4.036,40.36,40.36,79.44
"2006-07-14 07:45:00",1358,1.183,4.63,2.057,1.816,3.841,44.65,44.65,79.85
"2006-07-14 07:50:00",1359,1.478,357,4.308,1.689,3.939,47.73,47.73,79.51
"2006-07-14 07:55:00",1360,0.918,342.9,6.475,1.13,4.085,51.42,51.42,78.79
"2006-07-14 08:00:00",1361,0.318,331,4.428,0.882,4.183,52.27,52.27,79.2
"2006-07-14 08:05:00",1362,0.087,7.512,1.884,0.33,4.232,54.35,54.35,79.2
"2006-07-14 08:10:00",1363,0.063,6.514,2.298,0.301,4.353,61.4,61.4,78.42
"2006-07-14 08:15:00",1364,0.402,346.2,7.856,0.617,4.193,66.84,66.84,78.79
"2006-07-14 08:20:00",1365,0.272,316.3,5.224,0.532,4.083,67.48,67.48,79.37
"2006-07-14 08:25:00",1366,0.284,341.5,6.462,0.421,4.033,68.81,68.81,79.68
"2006-07-14 08:30:00",1367,0.296,359.3,2.473,0.483,4.08,71.17,71.17,79.44
"2006-07-14 08:35:00",1368,0.064,343.1,0.011,0.372,4.229,74.22,74.22,78.55
"2006-07-14 08:40:00",1369,0,0,0,0,4.131,83.3,83.3,79.78
"2006-07-14 08:45:00",1370,0,0,0,0,4.229,82.3,82.3,79.95
"2006-07-14 08:50:00",1371,0.209,342.9,0.126,0.552,4.032,75.38,75.38,80.9
"2006-07-14 08:55:00",1372,0.177,343.2,0.135,0.382,3.994,73.3,73.3,80.9
"2006-07-14 09:00:00",1373,0.218,342.8,0.051,0.451,3.885,63.09,63.09,81.1
"2006-07-14 09:05:00",1374,0.533,331.8,8.82,0.98,3.673,57.85,57.85,82.7
"2006-07-14 09:10:00",1375,1.149,329.4,2.857,1.281,3.54,46.28,46.28,83.9
"2006-07-14 09:15:00",1376,0.991,329.8,1.945,1.156,3.586,41.2,41.2,83.5
"2006-07-14 09:20:00",1377,0.99,330.5,1.258,1.134,3.682,55.42,55.42,82.5
"2006-07-14 09:25:00",1378,0.741,337.8,1.718,0.856,3.877,94.8,94.8,81.4
"2006-07-14 09:30:00",1379,0.593,342.8,3.775,0.699,4.122,139.8,139.8,80.2
"2006-07-14 09:35:00",1380,0.396,357.7,5.129,0.559,4.38,157.7,157.7,78.88
"2006-07-14 09:40:00",1381,0.72,9.81,4.225,0.791,4.465,154,154,78.61
"2006-07-14 09:45:00",1382,0.898,10.96,3.761,0.987,4.463,166.1,166.1,78.3
"2006-07-14 09:50:00",1383,0.839,2.35,0.347,0.98,5.049,266.2,266.2,75.06
"2006-07-14 09:55:00",1384,0.629,0.228,2.844,0.735,5.045,191.2,191.2,75.19
"2006-07-14 10:00:00",1385,0.682,349.3,1.271,0.738,4.941,177.2,177.2,76.04
"2006-07-14 10:05:00",1386,0.727,349.1,0.187,0.777,4.841,158.2,158.2,76.55
"2006-07-14 10:10:00",1387,0.934,341.8,8.16,1.13,4.743,153.7,153.7,77.06
"2006-07-14 10:15:00",1388,0.723,324.1,3.049,0.833,4.742,150.9,150.9,76.96
"2006-07-14 10:20:00",1389,0.874,331,3.671,1.114,4.737,185.3,185.3,76.68
"2006-07-14 10:25:00",1390,1.255,333.4,4.622,1.437,4.539,175.5,175.5,77.49
"2006-07-14 10:30:00",1391,0.711,340.1,5.914,0.84,4.633,86.7,86.7,77.42
"2006-07-14 10:35:00",1392,0.712,345.3,0.935,0.804,4.778,104.7,104.7,76.57
"2006-07-14 10:40:00",1393,0.848,336.9,4.3,0.967,5.412,302.9,302.9,72.99
"2006-07-14 10:45:00",1394,0.461,330.8,0.107,0.621,6.047,280.2,280.2,69.88
"2006-07-14 10:50:00",1395,0.627,333,1.573,0.742,5.752,207.1,207.1,70.84
"2006-07-14 10:55:00",1396,0.575,339.3,1.615,0.644,5.819,222.2,222.2,70.25
"2006-07-14 11:00:00",1397,0.67,341.5,0.573,0.745,5.962,284.6,284.6,68.85
"2006-07-14 11:05:00",1398,0.878,334,3.294,1.068,5.839,324.7,324.7,69.22
"2006-07-14 11:10:00",1399,1.185,322.9,2.999,1.359,5.497,377.6,377.6,70.69
"2006-07-14 11:15:00",1400,1.33,336.1,6.736,1.434,5.492,400.9,400.9,71.54
"2006-07-14 11:20:00",1401,1.392,348,2.768,1.597,5.585,397.1,397.1,71.36
"2006-07-14 11:25:00",1402,1.473,347.4,1.661,1.692,5.509,351.1,351.1,71.87
"2006-07-14 11:30:00",1403,1.388,345.1,1.987,1.653,5.63,357.9,357.9,71.33
"2006-07-14 11:35:00",1404,1.169,342.2,2.775,1.346,5.795,350.7,350.7,70.3
"2006-07-14 11:40:00",1405,0.973,342.7,0.639,1.134,5.912,339.2,339.2,69.71
"2006-07-14 11:45:00",1406,0.919,345.2,1.912,1.029,5.947,310.8,310.8,69.68
"2006-07-14 11:50:00",1407,0.767,340.8,0.81,0.872,6.202,327,327,68.59
"2006-07-14 11:55:00",1408,0.848,340.1,1.301,1.104,6.25,375,375,68.01
"2006-07-14 12:00:00",1409,0.692,340.3,1.593,0.784,6.543,390.6,390.6,66.64
"2006-07-14 12:05:00",1410,0.555,357.3,11.57,0.683,6.823,390.4,390.4,66.1
"2006-07-14 12:10:00",1411,0.764,14.52,5.845,0.882,6.835,470.7,470.7,66.2
"2006-07-14 12:15:00",1412,0.934,2.352,10.32,1.258,6.564,468.5,468.5,66.91
"2006-07-14 12:20:00",1413,1.029,351.1,3.84,1.359,6.436,460.8,460.8,67.18
"2006-07-14 12:25:00",1414,1.005,353.3,3.489,1.343,6.386,400.3,400.3,67.49
"2006-07-14 12:30:00",1415,1.066,350,4.714,1.235,6.238,395.2,395.2,67.14
"2006-07-14 12:35:00",1416,0.677,335.3,4.784,1.022,6.335,332.4,332.4,67.11
"2006-07-14 12:40:00",1417,0.471,339.4,4.714,0.84,6.529,323.6,323.6,66.46
"2006-07-14 12:45:00",1418,0.852,343.8,5.389,0.98,6.127,305.8,305.8,68.81
"2006-07-14 12:50:00",1419,0.859,344,0.75,0.97,6.42,403.1,403.1,67.66
"2006-07-14 12:55:00",1420,0.911,338.1,2.795,1.111,6.627,517.2,517.2,66.56
"2006-07-14 13:00:00",1421,1.058,332,3.026,1.336,6.822,673.4,673.4,66.05
"2006-07-14 13:05:00",1422,0.971,335.5,4.706,1.248,7.212,697.8,697.8,64.49
"2006-07-14 13:10:00",1423,1.375,336.8,1.441,1.624,6.822,743,743,65.95
"2006-07-14 13:15:00",1424,1.847,338.3,1.617,1.976,6.377,673.6,673.6,68.09
"2006-07-14 13:20:00",1425,1.878,346.1,3.563,1.986,6.3,629.4,629.4,68.36
"2006-07-14 13:25:00",1426,1.507,344.6,2.365,1.689,6.493,609,609,67.17
"2006-07-14 13:30:00",1427,1.785,342.7,1.904,2.071,6.394,730.8,730.8,67.85
"2006-07-14 13:35:00",1428,1.928,340.8,4.581,2.14,6.15,660.7,660.7,68.87
