"TOA5","5212","CR1000","5212","CR1000.Std.10","CRD:july12_06_OnIce1.CR1","48250","FiveMin"
"TIMESTAMP","RECORD","WS_ms_S_WVT","WindDir_D1_WVT","WindDir_SD1_WVT","WS_ms_Max","AirTC","NR_Wm2_Avg","CNR_Wm2_Avg","RH"
"TS","RN","meters/second","Deg","Deg","meters/second","Deg C","W/m²","Watts/meter²","%"
"","","WVc","WVc","WVc","Max","Smp","Avg","Avg","Smp"
"2006-07-14 13:40:00",0,1.07,339.7,0.652,1.535,6.211,496.6,496.6,69.01
"2006-07-14 13:45:00",1,1.182,358.9,12.18,1.395,6.808,629.9,629.9,66.18
"2006-07-14 13:50:00",2,1.451,359.3,5.84,1.594,6.808,679.5,679.5,66.11
"2006-07-14 13:55:00",3,1.166,12.03,8.53,1.483,7.198,646.5,646.5,64.34
"2006-07-14 14:00:00",4,1.565,349.2,4.657,1.914,6.711,686.5,686.5,66.01
"2006-07-14 14:05:00",5,1.727,349.6,2.428,1.904,6.711,695.9,695.9,66.14
"2006-07-14 14:10:00",6,1.673,349.9,5.677,1.829,6.759,682.3,682.3,65.22
"2006-07-14 14:15:00",7,1.494,342.6,8.48,1.741,6.613,692.3,692.3,65.91
"2006-07-14 14:20:00",8,0.595,287.4,38.5,1.316,7.491,638.2,638.2,62.26
"2006-07-14 14:25:00",9,0.575,300.5,25.72,1.016,7.296,586.9,586.9,61.92
"2006-07-14 14:30:00",10,0.646,331.7,14.33,1.277,7.15,538.4,538.4,63.28
"2006-07-14 14:35:00",11,0.767,332.6,6.595,0.973,6.979,527.2,527.2,64.13
"2006-07-14 14:40:00",12,1.048,341.7,3.467,1.601,6.674,520.9,520.9,64.99
"2006-07-14 14:45:00",13,1.444,337.5,4.624,1.872,6.564,540.5,540.5,65.33
"2006-07-14 14:50:00",14,1.414,333.2,11.44,1.953,6.564,534.7,534.7,65.19
"2006-07-14 14:55:00",15,0.293,12.62,18.82,0.699,7.686,512.9,512.9,60.35
"2006-07-14 15:00:00",16,0.712,354.8,19.64,1.934,7.54,516.4,516.4,60.79
"2006-07-14 15:05:00",17,1.123,16.08,19.19,1.702,7.003,496.6,496.6,63.18
"2006-07-14 15:10:00",18,0.649,3.841,43.38,1.176,7.247,502.1,502.1,61.13
"2006-07-14 15:15:00",19,0.96,15.3,11.66,1.555,7.003,499.4,499.4,62.09
"2006-07-14 15:20:00",20,1.165,5.189,3.98,1.591,6.759,496.6,496.6,62.94
"2006-07-14 15:25:00",21,1.31,13.03,13.28,1.787,6.724,498.2,498.2,62.81
"2006-07-14 15:30:00",22,0.868,21.15,39.59,1.173,7.3,503,503,60.35
"2006-07-14 15:35:00",23,0.625,72.46,73.07,0.859,7.596,507.3,507.3,59.27
"2006-07-14 15:40:00",24,0.301,210.3,37.48,0.82,8.26,503.3,503.3,55.66
"2006-07-14 15:45:00",25,0.135,348,39.7,0.549,8.76,503.1,503.1,53.61
"2006-07-14 15:50:00",26,0.639,98.5,33.8,1.16,8.14,491,491,56.03
"2006-07-14 15:55:00",27,0.831,93.1,43.65,1.098,7.699,499.6,499.6,57.46
"2006-07-14 16:00:00",28,1.399,122.6,21.26,1.754,7.16,476.4,476.4,59.4
"2006-07-14 16:05:00",29,1.917,151.9,27.29,3.352,6.723,448,448,60.87
"2006-07-14 16:10:00",30,1.96,162.9,15.25,3.045,7.09,451.9,451.9,59.34
"2006-07-14 16:15:00",31,1.835,160.5,6.89,2.365,6.724,415.3,415.3,61.35
"2006-07-14 16:20:00",32,1.891,155.3,7.294,2.365,6.48,342,342,62.3
"2006-07-14 16:25:00",33,2.034,146.4,8.11,3.704,6.48,374.9,374.9,61.93
"2006-07-14 16:30:00",34,2.05,140.9,12.05,3.097,6.7,484.6,484.6,60.7
"2006-07-14 16:35:00",35,3.411,154.8,12.93,4.051,6.334,410.7,410.7,62.24
"2006-07-14 16:40:00",36,2.715,160.8,9.11,3.57,6.335,438.4,438.4,62.03
"2006-07-14 16:45:00",37,2.853,158.9,10.32,3.417,6.188,398.4,398.4,62.2
"2006-07-14 16:50:00",38,3.456,144.7,12.68,4.149,6.043,368.6,368.6,61.01
"2006-07-14 16:55:00",39,2.662,135.6,13.08,3.433,6.434,400.9,400.9,59.75
"2006-07-14 17:00:00",40,3.043,141.8,15.17,4.194,6.293,372.8,372.8,59.38
"2006-07-14 17:05:00",41,2.5,131.7,14.33,3.535,6.784,386.2,386.2,57.92
"2006-07-14 17:10:00",42,2.22,132.6,7.42,3.603,6.883,391.5,391.5,57.78
"2006-07-14 17:15:00",43,2.554,162.3,9.89,3.263,6.518,365.6,365.6,59.31
"2006-07-14 17:20:00",44,2.628,168.5,7.098,3.649,6.347,365.7,365.7,57.85
"2006-07-14 17:25:00",45,2.645,150,25.44,3.619,6.738,364.8,364.8,56.76
"2006-07-14 17:30:00",46,3.616,145.8,10.69,4.26,6.445,322.7,322.7,57.81
"2006-07-14 17:35:00",47,2.516,149.5,20.43,4.175,6.738,358.2,358.2,55.87
"2006-07-14 17:40:00",48,1.811,162.1,14.52,2.728,6.591,366,366,56.01
"2006-07-14 17:45:00",49,2.405,157.2,11.1,2.875,6.591,354.5,354.5,54.68
"2006-07-14 17:50:00",50,3.259,160.3,11.64,3.936,6.201,303.1,303.1,56.55
"2006-07-14 17:55:00",51,2.335,124.9,24.78,3.146,6.835,343.8,343.8,53.21
"2006-07-14 18:00:00",52,2.422,154,21.47,3.469,6.348,315.3,315.3,55.53
"2006-07-14 18:05:00",53,1.705,167.4,9.48,2.61,6.494,341,341,53.83
"2006-07-14 18:10:00",54,0.306,227,30.78,0.777,7.957,373.8,373.8,49.12
"2006-07-14 18:15:00",55,0.25,162.4,21.82,0.82,8.64,365.6,365.6,47.72
"2006-07-14 18:20:00",56,0.546,156.3,35.6,1.274,7.713,347.9,347.9,51.82
"2006-07-14 18:25:00",57,0.599,217.6,66.02,1.382,7.274,339.6,339.6,51.2
"2006-07-14 18:30:00",58,0.907,16.41,32.57,1.591,6.933,338,338,53.49
"2006-07-14 18:35:00",59,0.636,11.32,14.01,1.013,7.322,328.8,328.8,51.27
"2006-07-14 18:40:00",60,1.921,6.57,6.607,2.617,6.368,321.5,321.5,56.04
"2006-07-14 18:45:00",61,1.015,22.04,16.41,1.767,6.998,310.7,310.7,53.34
"2006-07-14 18:50:00",62,0.35,25.62,5.159,0.666,7.776,304.8,304.8,49.9
"2006-07-14 18:55:00",63,0.175,16.18,1.187,0.82,8.63,298.8,298.8,46.42
"2006-07-14 19:00:00",64,0.274,29.9,15.08,1.081,8.97,287.5,287.5,45.5
"2006-07-14 19:05:00",65,0.459,4.4,7.052,0.869,8.38,281.4,281.4,47.24
"2006-07-14 19:10:00",66,0.219,135.4,34.94,0.843,8.52,282,282,46.93
"2006-07-14 19:15:00",67,0.089,131.8,4.151,0.657,9.02,272.1,272.1,45.57
"2006-07-14 19:20:00",68,0.308,326.4,38.46,0.604,8.68,264.6,264.6,46.49
"2006-07-14 19:25:00",69,0.95,304.7,9.25,1.836,7.066,268,268,52.01
"2006-07-14 19:30:00",70,1.887,309,6.863,2.051,6.188,280.7,280.7,56.44
"2006-07-14 19:35:00",71,1.986,325.6,9.45,2.176,6.048,273.8,273.8,56.74
"2006-07-14 19:40:00",72,2.095,337.9,3.112,2.238,6.28,257.1,257.1,55.86
"2006-07-14 19:45:00",73,1.811,344.9,7.781,2.244,6.174,236.6,236.6,55.28
"2006-07-14 19:50:00",74,1.329,350,15.49,1.869,6.528,218.4,218.4,55.93
"2006-07-14 19:55:00",75,0.89,354.5,11.82,1.313,6.626,205.6,205.6,56.03
"2006-07-14 20:00:00",76,1.304,346.4,5.042,1.81,6.773,201.1,201.1,53.71
"2006-07-14 20:05:00",77,1.539,343.8,6.414,1.673,6.578,204.1,204.1,54.87
"2006-07-14 20:10:00",78,1.105,353.1,6.235,1.444,6.675,181.1,181.1,54.64
"2006-07-14 20:15:00",79,0.513,348,12.44,1.313,7.066,169.9,169.9,53.89
"2006-07-14 20:20:00",80,1.604,313.9,17.01,1.937,5.395,25.09,25.09,60.63
"2006-07-14 20:25:00",81,0.531,296.7,11.16,1.258,5.066,-42.67,-42.67,62.47
"2006-07-14 20:30:00",82,1.174,316.7,10.86,1.594,4.871,-44.84,-44.84,62.99
"2006-07-14 20:35:00",83,1.292,309.4,6.218,1.45,4.878,-46.61,-46.61,63.06
"2006-07-14 20:40:00",84,1.178,322.1,14.17,1.437,4.894,-46.59,-46.59,63.44
"2006-07-14 20:45:00",85,0.799,316.9,15.54,1.669,4.936,-46.72,-46.72,63
"2006-07-14 20:50:00",86,1.102,323.9,11.91,1.64,4.893,-46.29,-46.29,63.55
"2006-07-14 20:55:00",87,1.467,326.4,7.423,1.849,4.853,-49.19,-49.19,64.17
"2006-07-14 21:00:00",88,2.062,319.1,5.029,2.512,4.712,-51.17,-51.17,64
"2006-07-14 21:05:00",89,1.454,342.1,14.68,2.009,4.861,-44.3,-44.3,63.63
"2006-07-14 21:10:00",90,1.704,330.3,3.417,2.009,4.863,-40.43,-40.43,63.73
"2006-07-14 21:15:00",91,1.839,334.5,2.528,2.016,5.001,-38.95,-38.95,63.02
"2006-07-14 21:20:00",92,1.398,341.4,3.133,1.516,5.116,-25.74,-25.74,62.41
"2006-07-14 21:25:00",93,1.218,354.3,4.39,1.372,5.24,-9.15,-9.15,62.04
"2006-07-14 21:30:00",94,1.065,358.9,5.415,1.349,5.363,1.564,1.564,61.49
"2006-07-14 21:35:00",95,0.537,18.82,8.25,0.781,5.364,4.693,4.693,61.94
"2006-07-14 21:40:00",96,0.743,327,4.966,1.245,4.974,10.82,10.82,64.16
"2006-07-14 21:45:00",97,1.149,324.6,6.158,1.333,4.793,15.29,15.29,65.83
"2006-07-14 21:50:00",98,0.577,279.8,20.76,1.016,4.806,20.83,20.83,66.07
"2006-07-14 21:55:00",99,0,0,0,0,4.931,22.7,22.7,65.73
"2006-07-14 22:00:00",100,0.039,6.47,1.163,0.127,4.834,21.47,21.47,66.34
"2006-07-14 22:05:00",101,0.01,22.04,0,0.101,4.838,21.5,21.5,66.79
"2006-07-14 22:10:00",102,0.482,332.5,11.19,1.085,4.449,17.47,17.47,69.62
"2006-07-14 22:15:00",103,0.682,334.8,8.65,0.921,4.156,9.31,9.31,70.65
"2006-07-14 22:20:00",104,1.075,319.6,15.17,1.333,4.205,-0.975,-0.975,70.51
"2006-07-14 22:25:00",105,0.828,305.2,20.48,1.444,3.864,-9.67,-9.67,72.86
"2006-07-14 22:30:00",106,1.103,308,4.787,1.3,3.937,-23.06,-23.06,72.11
"2006-07-14 22:35:00",107,0.696,312,6.132,1.14,3.961,-32.96,-32.96,71.77
"2006-07-14 22:40:00",108,1.03,333,8.36,1.352,3.912,-36.58,-36.58,72.08
"2006-07-14 22:45:00",109,0.327,313,21.97,0.562,3.865,-30.91,-30.91,72.35
"2006-07-14 22:50:00",110,0.236,300.1,30.11,0.369,3.636,-30.53,-30.53,73.89
"2006-07-14 22:55:00",111,0.592,350.3,6.237,0.787,3.53,-30.6,-30.6,74.61
"2006-07-14 23:00:00",112,0.267,358.8,3.487,0.624,3.68,-34.71,-34.71,74.07
"2006-07-14 23:05:00",113,0.673,332.9,13.4,0.944,3.755,-44.07,-44.07,73.73
"2006-07-14 23:10:00",114,0.685,340.5,10.34,1.336,3.736,-48.23,-48.23,74.01
"2006-07-14 23:15:00",115,1.478,350.1,1.753,1.535,3.69,-53.69,-53.69,73.98
"2006-07-14 23:20:00",116,1.517,351.1,3.834,1.65,3.789,-55.67,-55.67,73.6
"2006-07-14 23:25:00",117,1.713,344.3,4.638,2.28,3.593,-58.47,-58.47,74.18
"2006-07-14 23:30:00",118,1.881,338.9,2.364,2.179,3.742,-57.34,-57.34,73.67
"2006-07-14 23:35:00",119,1.699,336.9,3.786,1.986,3.84,-41.38,-41.38,72.92
"2006-07-14 23:40:00",120,1.057,332.6,5.886,1.431,3.84,-23.01,-23.01,73.06
"2006-07-14 23:45:00",121,0.367,276.5,91.3,1.202,3.609,-17.91,-17.91,74.49
"2006-07-14 23:50:00",122,0.307,278.5,75.35,0.689,3.401,-29.12,-29.12,75.75
"2006-07-14 23:55:00",123,0.837,332,5.134,1.071,3.096,-41.72,-41.72,77.56
"2006-07-15 00:00:00",124,0.63,340.4,4.667,0.892,3.109,-46.09,-46.09,77.12
"2006-07-15 00:05:00",125,0.763,349.4,6.872,1.183,3.206,-46.75,-46.75,76.57
"2006-07-15 00:10:00",126,1.71,323,3.175,1.901,3.17,-45.34,-45.34,76.98
"2006-07-15 00:15:00",127,1.389,331.9,4.992,1.499,3.304,-36.39,-36.39,76.47
"2006-07-15 00:20:00",128,1.175,355,20.09,1.398,3.597,-41.88,-41.88,74.97
"2006-07-15 00:25:00",129,0.694,10.54,8.24,0.951,3.499,-41.67,-41.67,74.87
"2006-07-15 00:30:00",130,0.528,30.02,8.99,0.758,3.451,-42.72,-42.72,74.9
"2006-07-15 00:35:00",131,0.455,10.29,6.855,0.784,3.353,-52.01,-52.01,75.69
"2006-07-15 00:40:00",132,0.046,325,20.11,0.167,3.087,-54.53,-54.53,77.12
"2006-07-15 00:45:00",133,0.009,332.2,0.009,0.075,3.017,-54.53,-54.53,77.57
"2006-07-15 00:50:00",134,0.518,332.3,4.829,0.941,2.91,-56.94,-56.94,77.88
"2006-07-15 00:55:00",135,1.181,346.8,12.4,1.682,2.912,-59.53,-59.53,77.27
"2006-07-15 01:00:00",136,2.272,9.81,1.971,2.414,2.779,-51.45,-51.45,77.82
"2006-07-15 01:05:00",137,2.353,6.906,3.617,2.577,2.828,-47.94,-47.94,78.16
"2006-07-15 01:10:00",138,2.274,355.4,3.342,2.417,3.292,-47.45,-47.45,76.18
"2006-07-15 01:15:00",139,2.464,346.3,3.415,2.62,3.634,-47.61,-47.61,74.2
"2006-07-15 01:20:00",140,2.287,333.1,4.823,2.391,3.659,-41.63,-41.63,74.16
"2006-07-15 01:25:00",141,2.397,324.7,4.743,2.568,3.292,-37.45,-37.45,76.28
"2006-07-15 01:30:00",142,2.254,319.6,4.302,2.46,3.366,-35.14,-35.14,76.28
"2006-07-15 01:35:00",143,1.747,321.4,5.399,1.986,3.366,-32.24,-32.24,76.42
"2006-07-15 01:40:00",144,0.756,291,26.03,1.251,3.329,-32.62,-32.62,76.59
"2006-07-15 01:45:00",145,1.205,291.6,13.41,1.447,3.109,-41.96,-41.96,77.54
"2006-07-15 01:50:00",146,1.425,316.4,13.77,1.741,3.073,-48.04,-48.04,77.44
"2006-07-15 01:55:00",147,1.108,338.3,1.558,1.558,3.207,-43.07,-43.07,76.66
"2006-07-15 02:00:00",148,1.08,334.7,5.419,1.392,3.17,-46.09,-46.09,76.86
"2006-07-15 02:05:00",149,0.323,270.2,58,0.987,3.122,-46.68,-46.68,77.27
"2006-07-15 02:10:00",150,0.508,227.9,23.48,0.898,2.78,-43.99,-43.99,79.04
"2006-07-15 02:15:00",151,0.209,315.9,31.03,0.774,2.462,-38.98,-38.98,80.6
"2006-07-15 02:20:00",152,0.685,332.7,10.4,0.931,2.389,-29.52,-29.52,81.7
"2006-07-15 02:25:00",153,0.786,312.8,17.04,1.467,2.633,-20.76,-20.76,80.4
"2006-07-15 02:30:00",154,1.416,302.4,8.92,1.712,2.731,-15.58,-15.58,80.1
"2006-07-15 02:35:00",155,0.999,313.9,10.89,1.398,2.78,-11.52,-11.52,79.76
"2006-07-15 02:40:00",156,0.942,344,6.368,1.689,2.877,-11.22,-11.22,79.39
"2006-07-15 02:45:00",157,1.667,339.7,2.282,1.983,3.17,-15.12,-15.12,77.75
"2006-07-15 02:50:00",158,0.631,344.6,9.19,1.12,3.292,-13.3,-13.3,76.76
"2006-07-15 02:55:00",159,0.167,1.567,0.051,0.63,3.317,-14.53,-14.53,76.59
"2006-07-15 03:00:00",160,0.133,289.9,33.32,0.451,3.195,-15.43,-15.43,77.44
"2006-07-15 03:05:00",161,0.199,276.2,12.18,0.399,2.731,-13.68,-13.68,80.2
"2006-07-15 03:10:00",162,0,0,0,0,2.487,-11.37,-11.37,81.5
"2006-07-15 03:15:00",163,0.226,349.6,4.646,0.637,2.511,-12.55,-12.55,81.5
"2006-07-15 03:20:00",164,0.304,0.914,0.586,0.591,2.536,-13.53,-13.53,81.3
"2006-07-15 03:25:00",165,0.366,342.5,3.842,0.712,2.633,-17.48,-17.48,80.5
"2006-07-15 03:30:00",166,0.349,340,0.109,0.49,2.804,-18.97,-18.97,79.76
"2006-07-15 03:35:00",167,0.449,343.4,3.422,0.715,2.865,-16.63,-16.63,79.42
"2006-07-15 03:40:00",168,0.644,342.2,3.341,1.009,2.987,-14.45,-14.45,78.67
"2006-07-15 03:45:00",169,0.463,340.6,2.315,0.65,3.024,-15.2,-15.2,78.4
"2006-07-15 03:50:00",170,0.661,330.4,3.076,0.921,3.048,-23.33,-23.33,78.29
"2006-07-15 03:55:00",171,1.468,328.7,2.534,1.594,3.073,-30.54,-30.54,78.09
"2006-07-15 04:00:00",172,1.563,329.3,2.481,1.725,3.073,-32.55,-32.55,77.92
"2006-07-15 04:05:00",173,1.331,334.4,4.026,1.548,3.097,-32.06,-32.06,77.78
"2006-07-15 04:10:00",174,0.836,349.3,5.099,0.947,3.122,-30.44,-30.44,77.65
"2006-07-15 04:15:00",175,0.523,339,6.584,0.908,3.122,-33.5,-33.5,77.58
"2006-07-15 04:20:00",176,0.38,249.5,2.247,0.745,2.34,-35.29,-35.29,82.2
"2006-07-15 04:25:00",177,0.604,298.2,27.17,0.941,2.047,-30.24,-30.24,83.5
"2006-07-15 04:30:00",178,1.246,317.2,4.301,1.535,2.243,-27.72,-27.72,82.7
"2006-07-15 04:35:00",179,1.377,323.2,1.899,1.45,2.34,-30.98,-30.98,82.2
"2006-07-15 04:40:00",180,1.387,319.9,4.971,1.503,2.341,-31.24,-31.24,82.3
"2006-07-15 04:45:00",181,1.128,308.4,7.934,1.388,2.511,-26.11,-26.11,81.4
"2006-07-15 04:50:00",182,0.65,249.9,28.74,1.016,2.34,-22.69,-22.69,82.9
"2006-07-15 04:55:00",183,0,0,0,0,2.195,-25.18,-25.18,84
"2006-07-15 05:00:00",184,0.233,324.9,1.368,0.415,2.049,-28.39,-28.39,84.3
"2006-07-15 05:05:00",185,0.392,311.5,5.64,0.663,2.025,-35.58,-35.58,84.6
"2006-07-15 05:10:00",186,0.827,323.3,9.95,1.183,2.051,-43.05,-43.05,84.3
"2006-07-15 05:15:00",187,1.053,332.8,4.765,1.516,2.147,-53.26,-53.26,82.9
"2006-07-15 05:20:00",188,1.788,337.6,3.022,2.293,2.341,-65.46,-65.46,82.3
"2006-07-15 05:25:00",189,2.134,334.6,2.199,2.506,2.438,-69.64,-69.64,81.6
"2006-07-15 05:30:00",190,1.885,329.1,5.755,2.261,2.292,-68.92,-68.92,81.6
"2006-07-15 05:35:00",191,1.258,320.2,4.182,1.588,2.343,-65.74,-65.74,81.2
"2006-07-15 05:40:00",192,1.612,311.6,6.392,1.931,2.134,-65.76,-65.76,82
"2006-07-15 05:45:00",193,1.415,318.5,8.56,1.604,2.151,-65.51,-65.51,82.2
"2006-07-15 05:50:00",194,1.327,329.2,10.73,1.659,2.203,-64.87,-64.87,81.9
"2006-07-15 05:55:00",195,1.561,331.7,1.539,1.865,2.01,-65.05,-65.05,82
"2006-07-15 06:00:00",196,1.866,334.3,2.652,2.074,2.059,-66.38,-66.38,82.4
"2006-07-15 06:05:00",197,1.368,343.7,4.732,1.64,2.353,-61.3,-61.3,81.1
"2006-07-15 06:10:00",198,1.291,353.5,6.128,1.385,2.451,-58.01,-58.01,80.4
"2006-07-15 06:15:00",199,1.161,349.3,6.117,1.264,2.524,-57.45,-57.45,80.4
"2006-07-15 06:20:00",200,1.171,340.3,2.312,1.31,2.646,-57.24,-57.24,79.91
"2006-07-15 06:25:00",201,1.469,338.4,1.869,2.019,2.426,-58.68,-58.68,79.88
"2006-07-15 06:30:00",202,1.913,335,2.429,2.091,2.255,-61.43,-61.43,80
"2006-07-15 06:35:00",203,1.416,335.8,4.042,1.836,2.304,-59.17,-59.17,80.4
"2006-07-15 06:40:00",204,1.33,319.4,16.22,1.558,2.011,-58.81,-58.81,81.4
"2006-07-15 06:45:00",205,0.812,331.2,11.52,1.13,1.987,-55.58,-55.58,82
"2006-07-15 06:50:00",206,1.147,327.2,4.085,1.408,2.011,-58.04,-58.04,82.4
"2006-07-15 06:55:00",207,0.934,326.1,6.901,1.189,1.962,-56.01,-56.01,82.1
"2006-07-15 07:00:00",208,0.343,316.8,10.92,0.644,1.913,-53.63,-53.63,81.9
"2006-07-15 07:05:00",209,0.957,329.5,17.24,1.588,1.841,-54.63,-54.63,82.2
"2006-07-15 07:10:00",210,0.711,0.401,14.62,1.245,2.061,-51.19,-51.19,80.6
"2006-07-15 07:15:00",211,0.492,354.2,13.37,1.026,1.987,-50.6,-50.6,80.5
"2006-07-15 07:20:00",212,1.181,338.7,7.63,1.712,1.877,-52.78,-52.78,81
"2006-07-15 07:25:00",213,1.36,346.2,4.394,1.731,2.062,-52.37,-52.37,80.7
"2006-07-15 07:30:00",214,0.834,349.9,4.725,1.016,2.324,-49.09,-49.09,80
"2006-07-15 07:35:00",215,1.059,353.3,2.814,1.179,2.26,-48.86,-48.86,80.2
"2006-07-15 07:40:00",216,1.168,351.1,6.501,1.303,2.212,-48.8,-48.8,80.2
"2006-07-15 07:45:00",217,1.664,337.7,3.749,2.012,2.113,-51.5,-51.5,80.1
"2006-07-15 07:50:00",218,1.325,337.6,3.937,1.695,2.308,-40.54,-40.54,79.16
"2006-07-15 07:55:00",219,0.862,341.4,5.565,1.039,2.796,9.63,9.63,75.99
"2006-07-15 08:00:00",220,1.458,333.6,5.034,1.64,2.55,-26.44,-26.44,77.66
"2006-07-15 08:05:00",221,1.83,320.3,6.318,2.182,2.451,17.89,17.89,78.1
"2006-07-15 08:10:00",222,1.629,318.2,4.107,1.777,2.671,39.9,39.9,76.77
"2006-07-15 08:15:00",223,2.032,337.5,5.528,2.264,3.083,46.8,46.8,73.97
"2006-07-15 08:20:00",224,1.833,341.5,4.735,2.293,3.175,51.24,51.24,73.32
"2006-07-15 08:25:00",225,0.368,341.4,13.01,1.12,4.137,48.46,48.46,68.02
"2006-07-15 08:30:00",226,0.056,335.8,6.157,0.519,4.636,55.16,55.16,64.57
"2006-07-15 08:35:00",227,1.231,336.9,8.28,1.682,3.853,67.51,67.51,69.62
"2006-07-15 08:40:00",228,1.426,331.9,4.472,1.692,3.663,79.07,79.07,69.96
"2006-07-15 08:45:00",229,1.026,333.8,6.776,1.241,3.794,77.4,77.4,68.86
"2006-07-15 08:50:00",230,0.71,328.8,2.638,0.947,4.184,80.2,80.2,66.64
"2006-07-15 08:55:00",231,0.968,337.3,3.994,1.228,4.085,89.3,89.3,67.67
"2006-07-15 09:00:00",232,0.712,339.3,4.722,1.13,4.275,91.8,91.8,66.26
"2006-07-15 09:05:00",233,1.023,345.7,4.351,1.47,4.087,105.6,105.6,66.87
"2006-07-15 09:10:00",234,1.177,349.7,2.714,1.369,4.164,113.3,113.3,66.42
"2006-07-15 09:15:00",235,1.18,351.3,9.16,1.584,4.013,119.7,119.7,69.35
"2006-07-15 09:20:00",236,1.566,359.1,12.36,2.002,3.719,128.1,128.1,69.97
"2006-07-15 09:25:00",237,1.065,25.53,13.24,1.493,4.206,127.6,127.6,68.94
"2006-07-15 09:30:00",238,1.384,11.97,8.89,1.715,4.007,134.4,134.4,66.72
"2006-07-15 09:35:00",239,0.804,24.25,15.98,1.32,4.492,142.5,142.5,64.81
"2006-07-15 09:40:00",240,0.476,29.78,16.07,1.003,4.927,152,152,61.73
"2006-07-15 09:45:00",241,1.216,20,16.75,1.846,4.242,156.6,156.6,64.6
"2006-07-15 09:50:00",242,0.866,63.03,35.19,1.797,4.583,167.5,167.5,62.18
"2006-07-15 09:55:00",243,0.955,141.3,23.73,1.581,4.68,164.7,164.7,63.34
"2006-07-15 10:00:00",244,0.681,135,64.5,1.761,4.827,179.5,179.5,62.55
"2006-07-15 10:05:00",245,0.188,278.7,66.47,0.617,5.655,198.6,198.6,57.84
"2006-07-15 10:10:00",246,0.542,40.89,47.41,1.036,5.504,210.2,210.2,59.99
"2006-07-15 10:15:00",247,0.234,221,50.62,0.67,5.548,217,217,57.12
"2006-07-15 10:20:00",248,1.082,166.4,13.21,1.751,5.059,202.4,202.4,60.05
"2006-07-15 10:25:00",249,0.781,126.8,64.98,1.346,5.058,218.2,218.2,61.62
"2006-07-15 10:30:00",250,0.781,358.4,12.77,1.379,4.984,240.3,240.3,61.42
"2006-07-15 10:35:00",251,1.085,83.2,77.07,1.473,4.996,241.4,241.4,60.6
"2006-07-15 10:40:00",252,0.45,136.7,33.04,1.356,5.765,249.5,249.5,59.06
"2006-07-15 10:45:00",253,2.062,160.2,7.815,2.607,4.472,202.1,202.1,63.5
"2006-07-15 10:50:00",254,2.756,151,7.356,3.355,4.277,197.8,197.8,64.04
"2006-07-15 10:55:00",255,2.735,149.9,8.15,3.002,4.228,205.1,205.1,64.28
"2006-07-15 11:00:00",256,3.374,152,9.71,3.655,3.996,195.8,195.8,65.58
"2006-07-15 11:05:00",257,2.263,157.6,6.37,3.492,4.179,239.8,239.8,66.09
"2006-07-15 11:10:00",258,2.676,160.5,7.627,3.469,3.898,211.4,211.4,66.39
"2006-07-15 11:15:00",259,3.142,150.6,3.04,3.58,3.935,217.6,217.6,65.3
"2006-07-15 11:20:00",260,2.21,161.1,4.356,2.675,4.325,256.7,256.7,64.72
"2006-07-15 11:25:00",261,1.857,160.8,21.08,3.012,4.789,281.4,281.4,62.61
"2006-07-15 11:30:00",262,2.193,152.7,8.61,3.205,4.716,265.3,265.3,61.14
"2006-07-15 11:35:00",263,2.135,169.9,17.98,2.95,4.618,274.6,274.6,63.73
"2006-07-15 11:40:00",264,0.862,165.9,44.16,1.735,5.399,327.2,327.2,60.87
"2006-07-15 11:45:00",265,2.702,145.4,8.05,3.486,4.679,259.7,259.7,62.71
"2006-07-15 11:50:00",266,3.05,156.4,8.35,4.56,4.716,269,269,61.14
"2006-07-15 11:55:00",267,1.971,187.9,33.89,3.688,5.374,323.6,323.6,56.23
"2006-07-15 12:00:00",268,0.789,180.6,14.03,1.614,5.887,362.8,362.8,59.34
"2006-07-15 12:05:00",269,1.758,196.3,46.08,3.002,5.069,347.7,347.7,59.78
"2006-07-15 12:10:00",270,1.995,168.2,10.07,2.61,5.301,353.7,353.7,59.64
"2006-07-15 12:15:00",271,2.204,168.7,10.86,3.43,4.911,319.3,319.3,61.65
"2006-07-15 12:20:00",272,2.205,158.5,7.732,3.051,4.911,349.9,349.9,60.39
"2006-07-15 12:25:00",273,2.452,161.1,10.16,3.58,5.106,326.9,326.9,59.27
"2006-07-15 12:30:00",274,2.915,157.6,11.47,4.43,4.765,319.6,319.6,61.65
"2006-07-15 12:35:00",275,2.803,162,10.23,3.829,4.96,346.7,346.7,61.48
"2006-07-15 12:40:00",276,2.506,168.9,18.97,4.746,5.509,362.4,362.4,56.91
"2006-07-15 12:45:00",277,1.618,164.7,14.85,1.931,5.301,401.4,401.4,61.45
"2006-07-15 12:50:00",278,2.035,160.3,18.26,2.767,5.106,383.2,383.2,61.86
"2006-07-15 12:55:00",279,2.639,158.9,5.598,3.682,4.862,366.5,366.5,64.08
"2006-07-15 13:00:00",280,2.706,161.9,22.45,4.018,4.911,397.4,397.4,61.72
"2006-07-15 13:05:00",281,3.648,125.3,12.47,4.959,4.618,369.6,369.6,65.71
"2006-07-15 13:10:00",282,1.734,147.4,28.67,3.26,5.252,463.3,463.3,60.43
"2006-07-15 13:15:00",283,1.72,173.1,21.6,3.515,5.301,434.7,434.7,59.03
"2006-07-15 13:20:00",284,2.018,114.9,48.98,4.613,6.082,493.6,493.6,57.05
"2006-07-15 13:25:00",285,2.37,142.9,23.07,3.038,5.496,395.1,395.1,60.39
"2006-07-15 13:30:00",286,3.246,144.6,17.8,4.965,5.496,486.1,486.1,60.26
"2006-07-15 13:35:00",287,4.387,126,33.79,6.004,5.557,498.5,501.3,56.68
"2006-07-15 13:40:00",288,4.773,134,8.44,6.638,5.106,321.5,322,58.11
"2006-07-15 13:45:00",289,3.722,158.9,16.79,5.318,4.96,428.8,429.1,60.19
"2006-07-15 13:50:00",290,4.976,157.4,10.86,6.981,4.862,472.8,476.9,60.84
"2006-07-15 13:55:00",291,4.297,148.7,17.13,5.485,5.106,441.3,441.8,59.47
"2006-07-15 14:00:00",292,3.678,140.6,7.602,4.952,4.911,338.2,338.2,61.45
"2006-07-15 14:05:00",293,4.611,152.2,13.22,5.4,4.423,193.2,193.3,64.45
"2006-07-15 14:10:00",294,2.874,159.8,9.89,4.08,4.862,445.7,445.7,62.34
"2006-07-15 14:15:00",295,4.345,155.8,12.97,6.122,4.716,273.5,274.7,62.17
"2006-07-15 14:20:00",296,3.922,132,27.69,5.478,4.96,299.3,299.4,59.37
"2006-07-15 14:25:00",297,3.771,131.5,23.17,6.507,5.204,525.2,527.7,59.13
"2006-07-15 14:30:00",298,5.157,137.2,10.56,6.092,5.008,371.4,374.5,61.45
"2006-07-15 14:35:00",299,5.146,142.8,5.201,7.033,4.862,469.7,472.7,62.2
"2006-07-15 14:40:00",300,6.19,146.2,6.822,7.566,4.886,431.2,442,60.73
"2006-07-15 14:45:00",301,4.855,142.4,24.73,6.752,5.252,448.3,451.7,58.35
"2006-07-15 14:50:00",302,4.502,137.2,16.48,6.524,5.252,436.4,438.9,59.4
"2006-07-15 14:55:00",303,4.56,149,16.67,6.053,4.826,429.9,431.2,64.08
"2006-07-15 15:00:00",304,5.067,156.6,8.42,6.968,4.496,226.4,228.1,61.04
"2006-07-15 15:05:00",305,4.352,143.3,12.26,6.442,4.667,121,121.6,61.01
"2006-07-15 15:30:00",306,1.735,158.5,0,3.469,3.496,175.1,175.1,71.47
"2006-07-15 15:35:00",307,4.667,159.2,10.46,5.713,3.496,160.8,161.1,68.95
"2006-07-15 15:40:00",308,4.748,138.4,14.38,5.557,4.228,210.6,211,64.93
"2006-07-15 15:45:00",309,2.46,129.7,15.9,3.946,4.535,260.3,260.3,65.17
"2006-07-15 15:50:00",310,2.11,134.6,13.69,3.446,4.523,309.9,309.9,64.38
"2006-07-15 15:55:00",311,2.582,160.7,10.82,3.172,4.597,446.4,446.4,65.92
"2006-07-15 16:00:00",312,3.754,165.3,7.637,4.694,4.209,418.3,418.3,66.6
"2006-07-15 16:05:00",313,3.121,151.7,80.7,5.214,4.72,387.7,387.9,63.4
"2006-07-15 16:10:00",314,2.957,141.5,15.58,4.283,4.28,380.7,380.7,64.79
"2006-07-15 16:15:00",315,3.728,131.9,17.87,4.4,4.33,320.1,320.1,65.14
"2006-07-15 16:20:00",316,4.663,139.1,14.51,6.661,4.26,349.1,351.1,65.68
"2006-07-15 16:25:00",317,4.067,165,9.14,5.334,4.003,398,398.3,66.95
"2006-07-15 16:30:00",318,3.899,152.5,14.08,4.635,4.003,408.6,408.6,66.64
"2006-07-15 16:35:00",319,3.811,151.4,19.67,5.227,4.286,456.2,456.4,64.56
"2006-07-15 16:40:00",320,4.031,157.8,14.35,5.135,4.212,430,430.1,67.46
"2006-07-15 16:45:00",321,4.091,156.3,6.849,5.21,3.847,375.5,375.8,68.72
"2006-07-15 16:50:00",322,3.751,143.9,17.3,4.711,3.971,378.4,378.4,69.03
"2006-07-15 16:55:00",323,4.42,158.2,22.16,6.079,4.118,364.3,365.6,66.88
"2006-07-15 17:00:00",324,4.763,158.6,11.89,5.942,3.947,331.9,333,67.26
"2006-07-15 17:05:00",325,4.496,167.5,13.4,5.387,3.8,336.8,337.1,68.96
"2006-07-15 17:10:00",326,4.912,165.6,10.95,6.602,3.556,317,318.5,70.77
"2006-07-15 17:15:00",327,4.808,165.8,6.745,6.746,3.313,233.7,235.1,71.86
"2006-07-15 17:20:00",328,5.671,168,3.45,6.543,3.117,160.4,163.5,73.53
"2006-07-15 17:25:00",329,5.153,171.6,10.89,6.138,3.069,161.3,162.2,71.93
"2006-07-15 17:30:00",330,5.381,173.2,5.885,6.223,3.167,214.5,216.3,72.54
"2006-07-15 17:35:00",331,4.571,174.9,5.919,5.501,3.192,202.9,203.6,72.48
"2006-07-15 17:40:00",332,4.117,182.2,9.4,5.165,3.12,164.3,164.4,72.58
"2006-07-15 17:45:00",333,3.495,180.9,15.77,5.197,3.218,179.4,179.4,73.77
"2006-07-15 17:50:00",334,4.164,175.1,11.36,5.815,2.778,109.7,110,74.83
"2006-07-15 17:55:00",335,3.901,173.5,10.03,4.642,2.583,103.3,103.3,75.38
"2006-07-15 18:00:00",336,4.408,185.6,8.65,5.377,2.522,98.1,98.2,77.56
"2006-07-15 18:05:00",337,4.695,183.2,5.652,5.393,2.541,95.1,95.3,76.65
"2006-07-15 18:10:00",338,4.026,182.6,10.87,5.553,2.397,90.6,90.7,77.19
"2006-07-15 18:15:00",339,3.853,172,6.636,5.031,2.35,85.7,85.7,77.91
"2006-07-15 18:20:00",340,3.006,182.2,11.31,3.655,2.448,85.1,85.1,77.33
"2006-07-15 18:25:00",341,3.561,175.7,5.948,4.603,2.228,71.77,71.77,78.29
"2006-07-15 18:30:00",342,2.988,172.1,30.66,5.615,2.486,74.85,74.93,76.58
"2006-07-15 18:35:00",343,2.525,158.4,15.38,4.403,2.404,81.9,81.9,77.99
"2006-07-15 18:40:00",344,5.524,181.6,10.75,6.612,2.311,53.94,54.61,77.75
"2006-07-15 18:45:00",345,5.451,169.5,17.57,6.752,2.338,51.74,52.52,77.48
"2006-07-15 18:50:00",346,4.805,166.1,19.05,6.494,2.07,54.1,54.43,79.84
"2006-07-15 18:55:00",347,4.863,158.5,14.81,6.981,2.119,62.9,63.39,79.43
"2006-07-15 19:00:00",348,5.423,159.4,9.07,7.477,1.974,60.54,61.33,78.81
"2006-07-15 19:05:00",349,3.726,141.6,19.15,5.903,2.099,65.39,65.52,79.91
"2006-07-15 19:10:00",350,4.451,146.2,8.97,6.05,1.931,53.57,53.76,79.71
"2006-07-15 19:15:00",351,4.068,120.5,15.13,6.991,2.03,62.21,62.44,79.5
"2006-07-15 19:20:00",352,2.772,149.6,19.33,3.897,2.175,61.19,61.19,78.92
"2006-07-15 19:25:00",353,4.26,149.2,11.02,5.403,1.982,54.11,54.21,79.1
"2006-07-15 19:30:00",354,2.745,145.8,10.96,3.365,1.983,69.48,69.48,80.9
"2006-07-15 19:35:00",355,2.944,152.8,8.56,4.407,1.834,62.29,62.29,81.8
"2006-07-15 19:40:00",356,3.341,180.5,17.66,5.704,1.837,58.62,58.7,80.9
"2006-07-15 19:45:00",357,0.994,154.6,12.46,1.944,2.058,72.87,72.87,79.54
"2006-07-15 19:50:00",358,1.977,167.6,17.96,2.44,1.949,65.04,65.04,81.4
"2006-07-15 19:55:00",359,2.972,174.2,14.09,4.485,1.705,55.34,55.34,81.7
"2006-07-15 20:00:00",360,1.316,144.4,32.83,3.567,2.095,63.97,63.97,80.6
"2006-07-15 20:05:00",361,0.741,123.9,22.27,1.741,2.083,59.74,59.74,80.1
"2006-07-15 20:10:00",362,2.285,135.5,37.5,3.466,2.034,46.42,46.42,79.17
"2006-07-15 20:15:00",363,1.926,262.2,64.33,3.201,1.986,48.81,48.81,79.3
"2006-07-15 20:20:00",364,3.203,180.9,8.95,4.485,2.059,46.91,46.91,78.45
"2006-07-15 20:25:00",365,3.463,170,9.83,4.185,2.083,47.03,47.03,79.41
"2006-07-15 20:30:00",366,4.743,174.5,12.35,5.991,2.034,40.83,40.96,79.92
"2006-07-15 20:35:00",367,6.269,175.6,11.09,7.448,1.937,35.33,36.3,79.2
"2006-07-15 20:40:00",368,4.317,185.5,17.96,6.337,2.01,30.61,30.74,79.37
"2006-07-15 20:45:00",369,4.788,166.2,21.7,7.206,1.986,26.43,26.65,78.01
"2006-07-15 20:50:00",370,2.581,176.1,20.24,3.835,1.986,27.38,27.38,79.03
"2006-07-15 20:55:00",371,2.167,138,36.39,3.949,2.01,26.53,26.53,78.42
"2006-07-15 21:00:00",372,3.809,174.8,19.01,6.004,1.937,18.14,18.18,79
"2006-07-15 21:05:00",373,3.78,181.2,8.66,4.884,1.937,12.39,12.39,78.52
"2006-07-15 21:10:00",374,3.654,175.7,15.22,4.815,1.937,10.11,10.11,78.28
"2006-07-15 21:15:00",375,3.144,179.6,20.64,4.289,1.913,7.544,7.544,77.87
"2006-07-15 21:20:00",376,1.069,216.8,18.12,3.917,1.877,7.39,7.39,78.11
"2006-07-15 21:25:00",377,2.204,190.5,24.49,3.541,1.795,5.312,5.312,79.38
"2006-07-15 21:30:00",378,2.618,177.6,26.78,3.998,1.747,2.104,2.104,78.56
"2006-07-15 21:35:00",379,1.759,185.2,48.48,2.832,1.616,0.051,0.051,81.5
"2006-07-15 21:40:00",380,2.081,143.5,57.43,3.802,1.704,-1.36,-1.36,78.67
"2006-07-15 21:45:00",381,1.945,166.7,22.18,2.78,1.607,-6.698,-6.698,79.18
"2006-07-15 21:50:00",382,2.306,146.6,23.85,3.048,1.705,-6.082,-6.082,79.04
"2006-07-15 21:55:00",383,1.338,235.4,82.1,1.98,1.656,-8.21,-8.21,79.83
"2006-07-15 22:00:00",384,2.306,170.8,47.87,3.561,1.608,-8.24,-8.24,79.69
"2006-07-15 22:05:00",385,1.915,172,18.3,3.773,1.657,-10.73,-10.73,77.06
"2006-07-15 22:10:00",386,1.294,125.6,24.49,2.189,1.657,-21.15,-21.15,77.88
"2006-07-15 22:15:00",387,1.501,140.8,19.13,1.976,1.559,-19.92,-19.92,78.23
"2006-07-15 22:20:00",388,0.855,131.1,32.86,1.526,1.644,-22.23,-22.23,76.55
"2006-07-15 22:25:00",389,0.385,164.3,13.15,1.209,1.705,-24.18,-24.18,76.89
"2006-07-15 22:30:00",390,1.744,157.8,21.34,2.509,1.657,-24.41,-24.41,76.14
"2006-07-15 22:35:00",391,2.048,170.5,14.83,3.136,1.742,-25.16,-25.16,74.85
"2006-07-15 22:40:00",392,1.709,161.7,18.06,3.443,1.705,-28.08,-28.08,74.88
"2006-07-15 22:45:00",393,1.179,159.3,20.51,2.731,1.56,-30.29,-30.29,76.83
"2006-07-15 22:50:00",394,2.082,164.4,6.31,3.045,1.512,-28.13,-28.13,76.76
"2006-07-15 22:55:00",395,1.789,180.9,11.71,2.27,1.462,-30.01,-30.01,77.75
"2006-07-15 23:00:00",396,0.944,158.7,13.41,1.225,1.414,-33.34,-33.34,77.2
"2006-07-15 23:05:00",397,0.366,132,7.888,0.683,1.34,-35.68,-35.68,78.26
"2006-07-15 23:10:00",398,0.546,324.4,37.49,1.049,1.254,-37.17,-37.17,78.46
"2006-07-15 23:15:00",399,0.712,10.06,9.11,0.862,1.121,-37.84,-37.84,79.29
"2006-07-15 23:20:00",400,0.58,355.4,2.718,0.993,1.074,-37.89,-37.89,79.22
"2006-07-15 23:25:00",401,0.084,66.55,6.806,0.477,1.164,-36.83,-36.83,77.96
"2006-07-15 23:30:00",402,0.048,101.5,0.004,0.477,1.166,-36.83,-36.83,78.54
"2006-07-15 23:35:00",403,0.245,81.5,63.09,0.797,1.18,-37.96,-37.96,77.96
"2006-07-15 23:40:00",404,0.455,177.9,19.13,1.081,1.18,-36.78,-36.78,77.08
"2006-07-15 23:45:00",405,0.936,181,53.4,2.607,1.254,-34.37,-34.37,77.11
"2006-07-15 23:50:00",406,1.767,160.8,20.45,3.185,1.254,-30.98,-30.98,75.81
"2006-07-15 23:55:00",407,3.048,166.6,16.65,3.904,1.327,-27.72,-27.72,77.04
"2006-07-16 00:00:00",408,2.425,166.2,21.06,4.769,1.327,-29.31,-29.31,76.02
"2006-07-16 00:05:00",409,2.286,173.2,10.55,3.267,1.181,-28.16,-28.16,76.16
"2006-07-16 00:10:00",410,1.587,163.2,25.95,2.525,1.156,-30.57,-30.57,76.05
"2006-07-16 00:15:00",411,2.551,155.3,8.44,3.714,1.254,-26.62,-26.62,75.47
"2006-07-16 00:20:00",412,1.519,146.1,13.22,2.117,1.084,-30.96,-30.96,77.39
"2006-07-16 00:25:00",413,1.467,144.8,9.14,1.94,1.181,-30.11,-30.11,76.12
"2006-07-16 00:30:00",414,1.399,116.4,25.52,2.43,1.144,-32.6,-32.6,77.52
"2006-07-16 00:35:00",415,1.378,158.7,22.05,2.045,1.083,-30.83,-30.83,77.69
"2006-07-16 00:40:00",416,0.586,182.9,36.57,0.967,1.083,-31.98,-31.98,77.49
"2006-07-16 00:45:00",417,1.366,150,21.57,2.378,0.986,-31.04,-31.04,77.62
"2006-07-16 00:50:00",418,0.277,131.2,24.07,1.003,0.986,-33.99,-33.99,77.42
"2006-07-16 00:55:00",419,0.57,78.08,47.07,0.771,0.986,-33.17,-33.17,78.03
"2006-07-16 01:00:00",420,0.939,120.3,43.7,1.96,1.132,-32.86,-32.86,76.26
"2006-07-16 01:05:00",421,0.852,209.6,36.08,1.137,0.937,-33.37,-33.37,78.65
"2006-07-16 01:10:00",422,0.754,311.2,8.43,1.32,0.937,-35.63,-35.63,78
"2006-07-16 01:15:00",423,0.955,8.38,11.65,1.673,0.842,-33.45,-33.45,78.89
"2006-07-16 01:20:00",424,1.315,353.6,7.17,1.565,0.844,-36.43,-36.43,78.69
"2006-07-16 01:25:00",425,0.834,9.91,21.85,1.111,0.895,-35.27,-35.27,77.77
"2006-07-16 01:30:00",426,1.011,29.1,16.87,1.457,0.847,-34.04,-34.04,78.04
"2006-07-16 01:35:00",427,0.772,151.9,55.87,1.16,0.972,-34.3,-34.3,77.26
"2006-07-16 01:40:00",428,0.343,213.7,20.35,1.205,0.863,-34.71,-34.71,77.33
"2006-07-16 01:45:00",429,0.423,19.15,23.02,0.947,0.949,-32.55,-32.55,76.82
"2006-07-16 01:50:00",430,1.101,90.4,42.11,1.927,0.9,-33.84,-33.84,77.23
"2006-07-16 01:55:00",431,1.241,191.5,24.07,2.195,1.145,-29.27,-29.27,74.63
"2006-07-16 02:00:00",432,0.587,220,61.01,1.46,1.193,-31.53,-31.53,74.67
"2006-07-16 02:05:00",433,0.254,202.2,22.33,0.679,1.071,-33.45,-33.45,75.69
"2006-07-16 02:10:00",434,0.776,234.2,21.04,1.094,1.047,-31.96,-31.96,77.13
"2006-07-16 02:15:00",435,0.112,293,0.244,0.549,0.766,-33.63,-33.63,78.01
"2006-07-16 02:20:00",436,0.102,23.53,5.371,0.379,0.656,-32.35,-32.35,79.21
"2006-07-16 02:25:00",437,0.833,18.24,24.96,1.529,0.607,-32.53,-32.53,79.38
"2006-07-16 02:30:00",438,1.028,269.9,67.16,1.757,0.681,-31.07,-31.07,79.14
"2006-07-16 02:35:00",439,0.871,184.9,31.99,1.303,0.754,-30.91,-30.91,78.18
"2006-07-16 02:40:00",440,0.233,213.6,15.08,0.732,0.803,-32.58,-32.58,77.94
"2006-07-16 02:45:00",441,0.959,135.8,24.52,1.447,0.9,-33.48,-33.48,77.02
"2006-07-16 02:50:00",442,0.448,78.89,11.6,0.761,0.754,-36.49,-36.49,77.94
"2006-07-16 02:55:00",443,0.675,85.4,22.37,1.052,0.607,-37.74,-37.74,79.31
"2006-07-16 03:00:00",444,1.892,152.5,22.51,2.47,0.412,-34.1,-34.1,82.1
"2006-07-16 03:05:00",445,1.801,161.6,13.11,2.221,0.473,-33.74,-33.74,80
"2006-07-16 03:10:00",446,1.674,162,8.18,2.349,0.449,-34.61,-34.61,81.3
"2006-07-16 03:15:00",447,0.407,178.3,41.64,1.571,0.265,-40.01,-40.01,82
"2006-07-16 03:20:00",448,1.48,357.5,12.42,1.712,0.07,-42.32,-42.32,83.2
"2006-07-16 03:25:00",449,0.25,329.3,9.02,0.5,0.021,-40.67,-40.67,83
"2006-07-16 03:30:00",450,0.806,348.6,18.28,1.385,-0.003,-38,-38,83.2
"2006-07-16 03:35:00",451,1.239,357.6,6.588,2.019,0.366,-36.28,-36.28,80.6
"2006-07-16 03:40:00",452,0.552,187.8,59.62,1.215,0.418,-34.61,-34.61,80.5
"2006-07-16 03:45:00",453,1.312,140.9,7.256,1.692,0.369,-32.76,-32.76,81.6
"2006-07-16 03:50:00",454,1.04,169.9,18.62,1.957,0.274,-31.76,-31.76,81.9
"2006-07-16 03:55:00",455,2.607,180.4,7.733,3.407,0.189,-26.14,-26.14,82.5
"2006-07-16 04:00:00",456,2.552,170.4,8.93,3.59,0.272,-28.6,-28.6,81.5
"2006-07-16 04:05:00",457,1.078,170.7,13.29,1.578,0.129,-35.44,-35.44,83.5
"2006-07-16 04:10:00",458,1.906,171.9,13.7,2.751,0.179,-32.58,-32.58,82.4
"2006-07-16 04:15:00",459,0.591,183.3,8.34,1.64,0.228,-38.82,-38.82,82.3
"2006-07-16 04:20:00",460,0.978,186.7,16.85,1.287,0.178,-36.69,-36.69,82.3
"2006-07-16 04:25:00",461,0.904,128.8,11.41,1.225,0.179,-36.95,-36.95,82.7
"2006-07-16 04:30:00",462,1.153,174.3,17.28,1.722,0.031,-33.79,-33.79,83.1
"2006-07-16 04:35:00",463,1.515,188.3,14.76,2.855,0.019,-30.2,-30.2,83.9
"2006-07-16 04:40:00",464,2.971,182.4,8.52,3.639,0.13,-24.37,-24.37,82.1
"2006-07-16 04:45:00",465,2.56,183,13.42,3.015,0.033,-29.55,-29.55,84
"2006-07-16 04:50:00",466,2.35,181.6,7.063,3.169,-0.064,-31.53,-31.53,84.6
"2006-07-16 04:55:00",467,1.58,168.5,3.573,2.264,-0.015,-34.64,-34.64,84.5
"2006-07-16 05:00:00",468,0.781,175.5,12.13,1.075,-0.015,-37.54,-37.54,83.4
"2006-07-16 05:05:00",469,0.213,241,48.11,0.519,-0.041,-39.26,-39.26,83.7
"2006-07-16 05:10:00",470,1.237,340.4,9.48,1.689,-0.26,-41.32,-41.32,84.5
"2006-07-16 05:15:00",471,1.079,329.3,10.88,1.297,-0.211,-41.98,-41.98,84.5
"2006-07-16 05:20:00",472,1.3,345.5,8.03,1.46,-0.162,-43.7,-43.7,83.8
"2006-07-16 05:25:00",473,1.059,355.1,7.636,1.287,-0.211,-44.35,-44.35,84
"2006-07-16 05:30:00",474,1.031,357.3,4.89,1.385,-0.064,-46.78,-46.78,83.2
"2006-07-16 05:35:00",475,1.466,353.8,3.556,1.601,-0.064,-49.22,-49.22,82.8
"2006-07-16 05:40:00",476,1.941,8.66,14.99,2.417,-0.406,-48.56,-48.56,83.5
"2006-07-16 05:45:00",477,1.927,5.766,7.189,2.326,-0.479,-48.04,-48.04,84.9
"2006-07-16 05:50:00",478,1.26,354.6,19.32,1.558,-0.211,-49.2,-49.2,83.3
"2006-07-16 05:55:00",479,1.042,13.41,12.07,1.3,-0.113,-46.01,-46.01,82.3
"2006-07-16 06:00:00",480,0.905,10.4,5.309,1.176,-0.113,-44.89,-44.89,82.4
"2006-07-16 06:05:00",481,0.748,17.38,11.48,0.892,-0.064,-43.73,-43.73,82
"2006-07-16 06:10:00",482,0.309,23.66,17.95,0.568,-0.089,-42.91,-42.91,82
"2006-07-16 06:15:00",483,0.971,6.611,3.702,1.297,-0.137,-41.78,-41.78,81.9
"2006-07-16 06:20:00",484,1.153,11.81,7.521,1.477,-0.309,-38.8,-38.8,82.9
"2006-07-16 06:25:00",485,1.468,7.831,5.35,1.986,-0.455,-39.29,-39.29,84
"2006-07-16 06:30:00",486,1.448,7.407,4.08,1.803,-0.333,-37.42,-37.42,82.7
"2006-07-16 06:35:00",487,1.281,15.67,12.84,1.65,-0.455,-37.39,-37.39,83.3
"2006-07-16 06:40:00",488,0.839,25.91,60.6,1.575,-0.455,-37.52,-37.52,84.3
"2006-07-16 06:45:00",489,0.283,49.08,27.87,0.702,-0.284,-35.93,-35.93,83.5
"2006-07-16 06:50:00",490,0.646,355.5,9.18,0.768,-0.26,-34.83,-34.83,83.3
"2006-07-16 06:55:00",491,0.473,347.1,0.309,0.774,-0.162,-32.85,-32.85,82.5
"2006-07-16 07:00:00",492,0.825,347.1,5.607,1.147,-0.26,-32.98,-32.98,83.1
"2006-07-16 07:05:00",493,0.944,348.9,7.644,1.199,-0.211,-30.33,-30.33,83
"2006-07-16 07:10:00",494,1.039,341.5,7.746,1.405,-0.309,-27.28,-27.28,83.3
"2006-07-16 07:15:00",495,0.873,346.2,3.43,1.14,-0.308,-27.74,-27.74,83.2
"2006-07-16 07:20:00",496,0.564,342.7,14.06,0.791,-0.259,-26.84,-26.84,83.1
"2006-07-16 07:25:00",497,1.001,358.4,6.148,1.372,-0.284,-24.86,-24.86,83.2
"2006-07-16 07:30:00",498,1.724,351.4,6.905,1.999,-0.186,-24.66,-24.66,82.5
"2006-07-16 07:35:00",499,1.186,333.3,8.44,1.437,-0.259,-20.37,-20.37,83
"2006-07-16 07:40:00",500,1.316,341.4,6.751,1.764,-0.26,-20.03,-20.03,82.8
"2006-07-16 07:45:00",501,1.478,1.895,12.29,1.682,-0.406,-17.95,-17.95,82.6
"2006-07-16 07:50:00",502,1.112,43.17,13.48,1.254,-0.162,-12.61,-12.61,82.5
"2006-07-16 07:55:00",503,1.241,18.68,8.18,1.842,-0.26,-9.25,-9.25,83.1
"2006-07-16 08:00:00",504,1.128,12.64,10.4,1.48,-0.284,-11.81,-11.81,83.5
"2006-07-16 08:05:00",505,1.539,8.25,2.927,1.921,-0.602,-6.112,-6.112,84.5
"2006-07-16 08:10:00",506,2.014,9.39,5.494,2.512,-0.577,8.19,8.19,84.7
"2006-07-16 08:15:00",507,1.952,5.931,6.193,2.538,-0.406,34.34,34.34,84.2
"2006-07-16 08:20:00",508,0.794,25.47,18.03,1.372,0.229,44.94,44.94,80.9
"2006-07-16 08:25:00",509,0.501,23.83,3.95,0.791,0.498,34.39,34.39,79.46
"2006-07-16 08:30:00",510,0.715,1.723,12.17,0.905,0.327,15.97,15.97,80.2
"2006-07-16 08:35:00",511,1.223,3.979,5.55,1.365,0.082,11.48,11.48,81.5
"2006-07-16 08:40:00",512,1.029,37.49,13.51,1.225,0.034,0.334,0.334,82
"2006-07-16 08:45:00",513,0.754,38.92,9.05,0.99,0.18,2.439,2.439,81.4
"2006-07-16 08:50:00",514,1.683,4.172,7.097,1.934,-0.113,13.56,13.56,82.9
"2006-07-16 08:55:00",515,1.51,356.7,11.36,2.029,0.058,24.11,24.11,82
"2006-07-16 09:00:00",516,0.259,345.2,0.168,0.928,1.072,124.9,124.9,76.83
"2006-07-16 09:05:00",517,0.188,345.4,0.011,0.467,1.861,170.6,170.6,72.39
"2006-07-16 09:10:00",518,0,0,0,0,2.369,188.7,188.7,69.55
"2006-07-16 09:15:00",519,0.757,16.38,14,0.99,2.074,215.3,215.3,72.04
"2006-07-16 09:20:00",520,1.059,8.32,5.877,1.287,1.577,258,258,75.17
"2006-07-16 09:25:00",521,0.646,27.85,19.41,1.215,2.451,285.6,285.6,69.91
"2006-07-16 09:30:00",522,0.315,55.87,18.84,1.091,3.347,336.6,336.6,66.22
"2006-07-16 09:35:00",523,0.06,92.1,29.89,0.363,4.491,308,308,61.71
"2006-07-16 09:40:00",524,0.915,151.3,17.58,2.025,2.914,221.8,221.8,69.66
"2006-07-16 09:45:00",525,1.683,145.1,6.163,2.607,1.869,196.2,196.2,73.58
"2006-07-16 09:50:00",526,1.218,147.6,17.92,2.773,1.939,229.3,229.3,74.08
"2006-07-16 09:55:00",527,2.445,132.6,9.89,3.855,1.413,232.3,232.3,76.4
"2006-07-16 10:00:00",528,2.285,155.1,13.74,3.009,1.399,253.9,253.9,76.54
"2006-07-16 10:05:00",529,0.8,175.2,5.282,1.65,2.474,298.8,298.8,71.97
"2006-07-16 10:10:00",530,0.647,186.7,12.06,1.15,2.765,306,306,66.71
"2006-07-16 10:15:00",531,0.17,170.9,23.18,1.029,4.079,299,299,63.53
"2006-07-16 10:20:00",532,1.698,143.9,14.57,2.192,2.586,357.6,357.6,71.82
"2006-07-16 10:25:00",533,1.446,160.7,14,1.793,1.997,237.5,237.5,73.59
"2006-07-16 10:30:00",534,0.807,190.8,36.65,2.251,1.703,158.3,158.3,73.73
"2006-07-16 10:35:00",535,1.005,165.2,20.45,1.669,2.312,344.2,344.2,70.83
"2006-07-16 10:40:00",536,1.513,151.2,7.176,1.895,1.627,155.2,155.2,72.6
"2006-07-16 10:45:00",537,1.146,161.9,21.2,1.957,1.919,236.6,236.6,72.33
"2006-07-16 10:50:00",538,1.94,165.6,13.06,2.751,1.724,259.4,259.4,73.14
"2006-07-16 10:55:00",539,1.744,173,6.898,2.127,1.919,281.7,281.7,73.96
"2006-07-16 11:00:00",540,1.45,152.5,5.471,2.234,2.346,365.9,365.9,70.11
"2006-07-16 11:05:00",541,0.38,191.8,17.42,0.732,2.846,345.6,345.6,67.65
"2006-07-16 11:10:00",542,0.69,284.5,13.94,1.003,2.843,469.9,469.9,66.01
"2006-07-16 11:15:00",543,0.48,266.5,22.64,1.045,2.791,384.7,384.7,66.55
"2006-07-16 11:20:00",544,0.551,226.6,33.63,1.235,3.669,523.9,523.9,65.15
"2006-07-16 11:25:00",545,1.545,179.1,16.04,2.332,3.129,449.4,449.4,65.08
"2006-07-16 11:30:00",546,0.5,224.2,36.53,0.693,3.71,507.1,507.1,63.68
"2006-07-16 11:35:00",547,2.036,159.1,9.65,2.875,2.78,409.6,409.6,70.02
"2006-07-16 11:40:00",548,2.027,167.1,8.52,2.904,2.436,453.4,453.4,71.62
"2006-07-16 11:45:00",549,2.374,151.4,6.665,3.11,2.533,418.1,418.1,67.22
"2006-07-16 11:50:00",550,2.311,155.5,6.485,2.96,2.24,405.3,405.3,72.07
"2006-07-16 11:55:00",551,1.873,158.1,7.708,2.708,2.557,406,406,71.52
"2006-07-16 12:00:00",552,1.894,159.5,10.76,2.424,2.484,378.1,378.1,69.24
"2006-07-16 12:05:00",553,0.608,162.1,12.91,1.509,3.704,440.7,440.7,62.14
"2006-07-16 12:10:00",554,0.923,139.7,13.37,2.326,3.655,436.5,436.5,66.13
"2006-07-16 12:15:00",555,2.736,135.1,24.91,4.021,2.92,432.6,432.6,64.83
"2006-07-16 12:20:00",556,1.376,190.3,33.93,2.747,3.164,383.5,383.5,63.71
"2006-07-16 12:25:00",557,1.375,144.2,35.54,3.048,3.554,541.8,541.8,64.05
"2006-07-16 12:30:00",558,1.266,120.7,22.72,1.846,3.746,560.8,560.8,61.04
"2006-07-16 12:35:00",559,1.985,153.4,32.82,3.518,2.974,427.6,427.6,68.1
"2006-07-16 12:40:00",560,2.886,96.6,32.13,3.433,2.912,548,548,66.22
"2006-07-16 12:45:00",561,2.171,123.9,12.74,3.577,2.96,463.4,463.4,63.6
"2006-07-16 12:50:00",562,0.862,135.1,6.134,1.516,3.057,224.4,224.4,66.26
"2006-07-16 12:55:00",563,1.957,150.8,12.67,3.505,2.569,178,178,66.7
"2006-07-16 13:00:00",564,2.848,107.2,16.84,3.636,2.62,257.3,257.3,68.58
"2006-07-16 13:05:00",565,1.895,115.5,19.06,2.388,2.622,234.2,234.2,67.59
"2006-07-16 13:10:00",566,1.921,129.5,10.02,3.002,2.676,173.2,173.2,68.99
"2006-07-16 13:15:00",567,2.002,125.4,8.08,2.581,2.824,251.8,251.8,66.37
"2006-07-16 13:20:00",568,2.002,133.5,13.56,4.485,2.655,192.4,192.4,66.27
"2006-07-16 13:25:00",569,3.254,135.7,11.56,4.531,2.386,142.4,142.4,66.41
"2006-07-16 13:30:00",570,2.267,112,26.88,3.962,3.021,344.8,344.8,65.79
"2006-07-16 13:35:00",571,2.602,126.8,7.815,4.446,2.557,167.1,167.1,66.51
"2006-07-16 13:40:00",572,2.832,148.3,14.74,3.858,2.46,164.7,164.7,69.03
"2006-07-16 13:45:00",573,3.706,151.2,7.95,4.149,2.489,351.3,351.3,68.9
"2006-07-16 13:50:00",574,1.995,135.4,9.91,4.573,2.786,220.4,220.4,64.74
"2006-07-16 13:55:00",575,1.792,106.6,22.25,2.561,3.276,328,328,62.83
"2006-07-16 14:00:00",576,2.187,151.5,15.21,3.459,2.838,175.5,175.5,64.61
"2006-07-16 14:05:00",577,2.719,154.2,19.74,3.842,2.692,163.4,163.4,68.53
"2006-07-16 14:10:00",578,2.984,137.9,11.9,4.665,2.594,160.1,160.1,68.84
"2006-07-16 14:15:00",579,3.443,134.1,8.23,4.07,2.643,266,266,67.51
"2006-07-16 14:20:00",580,3.606,99.2,10.78,4.769,3.034,311.4,311.4,63.07
"2006-07-16 14:25:00",581,2.31,80,19.26,2.871,3.327,394.7,394.7,63.24
"2006-07-16 14:30:00",582,1.857,95.9,21.37,2.662,3.571,343.9,343.9,63.99
"2006-07-16 14:35:00",583,2.054,144.9,14.5,3.231,3.229,224.3,224.3,64.98
"2006-07-16 14:40:00",584,3.39,149.3,26.73,5.099,3.083,237.4,237.4,61.85
"2006-07-16 14:45:00",585,1.402,135.2,13.13,1.947,3.876,526.9,526.9,60.99
"2006-07-16 14:50:00",586,4.348,176,9.86,6.125,3.325,372.6,373.5,61.03
"2006-07-16 14:55:00",587,3.634,162.1,7.354,5.403,3.033,225,225.1,63.04
"2006-07-16 15:00:00",588,2.836,149.6,10.04,3.966,3.08,307.1,307.1,66.72
"2006-07-16 15:05:00",589,3.215,172.8,7.049,4.041,2.981,222.5,222.5,67.06
"2006-07-16 15:10:00",590,3.693,166.8,7.64,4.871,3.026,348.3,348.3,63.31
"2006-07-16 15:15:00",591,3.624,162.8,7.193,4.537,3.223,490,490,63.17
"2006-07-16 15:20:00",592,3.625,176.8,13.21,5.521,3.569,436.9,437.3,63.24
"2006-07-16 15:25:00",593,3.75,168.2,9.25,4.593,3.116,382.3,382.3,64.2
"2006-07-16 15:30:00",594,4.179,174.6,14.18,5.364,3.22,450,450.6,63.17
"2006-07-16 15:35:00",595,3.541,149.6,12.51,4.822,3.071,295.8,295.8,65.38
"2006-07-16 15:40:00",596,3.177,156.9,19.75,4.335,3.45,468.8,468.8,62.96
"2006-07-16 15:45:00",597,3.271,175.7,7.431,4.407,3.56,447.8,447.8,62.89
"2006-07-16 15:50:00",598,3.322,161.3,14.28,4.655,3.595,424.5,424.5,59.86
"2006-07-16 15:55:00",599,2.554,154.3,12.8,3.629,3.704,438.7,438.7,63.68
"2006-07-16 16:00:00",600,3.774,172.8,5.488,4.547,3.303,380.7,380.7,65.04
"2006-07-16 16:05:00",601,3,162.7,14.97,4.096,3.315,411.3,411.3,66.95
"2006-07-16 16:10:00",602,3.211,118.3,21.74,4.629,3.607,462.1,462.1,62.76
"2006-07-16 16:15:00",603,2.146,153.1,9.27,3.162,4.047,437.9,437.9,59.55
"2006-07-16 16:20:00",604,3.619,130.3,12.23,5.06,3.851,404.4,404.5,61.49
"2006-07-16 16:25:00",605,3.637,83.9,17.96,4.756,3.753,495.7,495.7,62.45
"2006-07-16 16:30:00",606,3.027,119.4,8.33,4.387,3.948,459.1,459.1,61.26
"2006-07-16 16:35:00",607,2.552,130.5,16.98,3.874,3.863,429.7,429.7,61.36
"2006-07-16 16:40:00",608,2.869,120.4,19.81,3.724,3.948,428.2,428.2,60.16
"2006-07-16 16:45:00",609,3.082,95.7,10.69,4.188,3.851,423.6,423.6,61.7
"2006-07-16 16:50:00",610,3.233,114.7,18.84,4.109,3.656,360.9,360.9,60.27
"2006-07-16 16:55:00",611,4.444,126,9.61,5.622,3.363,385,385.6,63.51
"2006-07-16 17:00:00",612,3.587,94.4,17.1,4.39,3.411,406.1,406.1,67.26
"2006-07-16 17:05:00",613,3.429,103.2,19.89,4.711,3.167,272.3,272.3,64.73
"2006-07-16 17:10:00",614,2.667,115.3,15.51,5.746,3.559,369,369.7,63.75
"2006-07-16 17:15:00",615,2.415,77.6,45.91,4.975,4.218,448.2,448.2,60.64
"2006-07-16 17:20:00",616,2.619,131.3,19.4,3.12,4.047,373.8,373.8,59.65
"2006-07-16 17:25:00",617,1.959,116,23.14,3.606,4.584,394.8,394.8,59.55
"2006-07-16 17:30:00",618,3.258,136.9,14.23,5.112,3.815,339.9,340,59.96
"2006-07-16 17:35:00",619,2.533,137.1,18.08,2.786,3.851,367.8,367.8,59.72
"2006-07-16 17:40:00",620,2.501,145.1,14.8,4.07,3.668,332.1,332.1,62.38
"2006-07-16 17:45:00",621,3.911,114.7,16.16,4.518,3.411,323.8,323.8,63.98
"2006-07-16 17:50:00",622,2.61,96.1,10.64,3.786,3.753,350.6,350.6,61.26
"2006-07-16 17:55:00",623,1.777,95.3,22.15,2.577,4.095,332.5,332.5,60.91
"2006-07-16 18:00:00",624,1.834,119.3,31.51,2.509,4.095,313.9,313.9,59.07
"2006-07-16 18:05:00",625,1.09,92.1,25.63,1.352,4.753,328.4,328.4,57.84
"2006-07-16 18:10:00",626,1.888,134.5,16.12,2.911,4.07,278.7,278.7,60.3
"2006-07-16 18:15:00",627,1.451,104.7,20.78,2.411,4.607,302.9,302.9,59.24
"2006-07-16 18:20:00",628,1.529,186.8,28.3,2.002,4.143,244.8,244.8,61.25
"2006-07-16 18:25:00",629,2.928,146.4,29.67,4.168,3.748,219.4,219.4,61.15
"2006-07-16 18:30:00",630,0.567,52.77,48.66,1.967,5.113,266.2,266.2,55.69
"2006-07-16 18:35:00",631,0.095,244.1,17.77,0.621,6.647,271.8,271.8,49.11
"2006-07-16 18:40:00",632,0,0,0,0,8.33,253.5,253.5,44.3
"2006-07-16 18:45:00",633,0.465,190,27.06,0.898,6.814,239.2,239.2,49.68
"2006-07-16 18:50:00",634,0.024,156.3,0,0.225,7.351,239.2,239.2,49.28
"2006-07-16 18:55:00",635,0.597,60.29,51.03,1.081,5.911,219.9,219.9,53.06
"2006-07-16 19:00:00",636,0.143,185.9,16.89,0.745,6.57,222.3,222.3,51.08
"2006-07-16 19:05:00",637,0.662,180.9,31.64,1.695,5.448,192.3,192.3,54.7
"2006-07-16 19:10:00",638,0.999,198.5,26.03,1.833,5.1,187.4,187.4,55.37
"2006-07-16 19:15:00",639,0.455,220.6,30.29,0.915,5.583,189.7,189.7,53.12
"2006-07-16 19:20:00",640,1.889,178.5,12.82,2.77,4.362,134.3,134.3,58
"2006-07-16 19:25:00",641,1.095,144.8,37.32,1.751,4.264,162.2,162.2,59.33
"2006-07-16 19:30:00",642,0.572,285.8,59.09,1.379,4.654,163.1,163.1,58.98
"2006-07-16 19:35:00",643,1.084,135.7,72.32,3.028,4.629,151.9,151.9,57.25
"2006-07-16 19:40:00",644,0.621,302.7,55.68,1.029,4.654,152.8,152.8,56.6
"2006-07-16 19:45:00",645,2.099,145.1,21.57,3.221,3.922,114.3,114.3,60.69
"2006-07-16 19:50:00",646,0.913,99.4,21.47,1.888,4.605,125.6,125.6,57.89
"2006-07-16 19:55:00",647,0.021,145.1,26.87,0.131,5.776,121.2,121.2,53.67
"2006-07-16 20:00:00",648,0.298,351,60.27,0.856,5.678,114.4,114.4,54.89
"2006-07-16 20:05:00",649,0.76,317.1,35.96,1.542,4.751,114.8,114.8,59.02
"2006-07-16 20:10:00",650,1.162,338.2,9.62,1.695,3.922,106.9,106.9,64.44
"2006-07-16 20:15:00",651,0.616,307.2,9.61,1.702,3.971,87.7,87.7,60.35
"2006-07-16 20:20:00",652,1.112,4.639,29.46,1.408,2.605,-39.53,-39.53,68.12
"2006-07-16 20:25:00",653,0.428,23.16,39.65,1.071,2.507,-49.86,-49.86,66.59
"2006-07-16 20:30:00",654,0.02,354.5,0,0.193,2.612,-49.35,-49.35,66.87
"2006-07-16 20:35:00",655,0.549,329.2,16.09,0.964,2.506,-49.24,-49.24,67.24
"2006-07-16 20:40:00",656,0.487,2.741,7.926,0.96,2.519,-48.66,-48.66,67.01
"2006-07-16 20:45:00",657,0.587,3.534,4.155,0.843,2.474,-48.66,-48.66,66.84
"2006-07-16 20:50:00",658,0.276,323.8,44.56,1.248,2.249,-49.49,-49.49,68.04
"2006-07-16 20:55:00",659,0.881,219.7,34.4,1.522,2.056,-48.13,-48.13,69.17
"2006-07-16 21:00:00",660,0.625,240.5,68.21,2.055,2.062,-49.13,-49.13,68.39
"2006-07-16 21:05:00",661,1.935,127.3,9.06,2.835,2.006,-47.98,-47.98,70.3
"2006-07-16 21:10:00",662,0.833,142,11.09,1.542,1.91,-49.73,-49.73,70.47
"2006-07-16 21:15:00",663,0.835,331.1,10.03,1.597,1.674,-52.74,-52.74,71.85
"2006-07-16 21:20:00",664,1.337,328.9,7.279,1.627,1.632,-55.69,-55.69,71.68
"2006-07-16 21:25:00",665,1.269,334.2,3.457,1.503,1.744,-55.1,-55.1,70.87
"2006-07-16 21:30:00",666,1.805,336.6,3.915,2.058,1.7,-57.08,-57.08,71.42
"2006-07-16 21:35:00",667,1.933,339.3,1.219,2.143,1.813,-57.37,-57.37,70.53
"2006-07-16 21:40:00",668,2.108,337,2.319,2.247,1.643,-57.24,-57.24,71.66
"2006-07-16 21:45:00",669,1.998,338.2,2.634,2.388,1.692,-59.63,-59.63,70.91
"2006-07-16 21:50:00",670,1.682,336.6,3.551,1.855,1.842,-59.45,-59.45,69.96
"2006-07-16 21:55:00",671,1.335,337,1.769,1.405,1.919,-57.74,-57.74,69.69
"2006-07-16 22:00:00",672,1.118,338.2,3.437,1.323,1.923,-55.53,-55.53,69.62
"2006-07-16 22:05:00",673,1.079,340.7,5.556,1.33,1.912,-56.87,-56.87,69.73
"2006-07-16 22:10:00",674,0.816,333.2,7.456,1.153,1.827,-56.82,-56.82,70.17
"2006-07-16 22:15:00",675,1.32,330.4,9.85,1.829,1.608,-60,-60,71.91
"2006-07-16 22:20:00",676,1.838,322.5,5.92,2.195,1.364,-62.42,-62.42,73.07
"2006-07-16 22:25:00",677,1.267,331.2,4.556,1.584,1.511,-62.19,-62.19,71.88
"2006-07-16 22:30:00",678,1.223,345.7,5.739,1.434,1.719,-60.5,-60.5,70.62
"2006-07-16 22:35:00",679,1.428,354,2.604,1.539,1.999,-60.96,-60.96,68.94
"2006-07-16 22:40:00",680,1.405,341.6,3.883,1.545,2.047,-63.86,-63.86,68.77
"2006-07-16 22:45:00",681,1.705,336.1,1.167,1.846,1.95,-66.35,-66.35,69.11
"2006-07-16 22:50:00",682,1.937,335,3.297,2.447,1.613,-66.02,-66.02,70.82
"2006-07-16 22:55:00",683,1.875,333.7,3.51,2.065,1.467,-68.05,-68.05,71.75
"2006-07-16 23:00:00",684,1.881,315.4,8.52,2.176,1.128,-66.02,-66.02,73.76
"2006-07-16 23:05:00",685,1.789,300.4,9.58,2.11,1.179,-64.51,-64.51,73.59
"2006-07-16 23:10:00",686,1.593,309.3,4.1,1.78,1.18,-65.79,-65.79,73.53
"2006-07-16 23:15:00",687,1.209,314.5,4.711,1.424,0.949,-64.94,-64.94,74.48
"2006-07-16 23:20:00",688,1.223,326.1,7.731,1.45,1.132,-67.72,-67.72,73.25
"2006-07-16 23:25:00",689,0.891,318.2,16.92,1.558,1.132,-65.43,-65.43,73.29
"2006-07-16 23:30:00",690,1.3,320.3,6.649,1.483,1.084,-68.88,-68.88,73.19
"2006-07-16 23:35:00",691,1.409,323.5,6.296,1.741,0.988,-68.54,-68.54,73.91
"2006-07-16 23:40:00",692,1.522,326.3,3.188,1.725,0.993,-71.47,-71.47,73.74
"2006-07-16 23:45:00",693,1.48,331.4,6.039,1.692,1.167,-71.35,-71.35,72.82
"2006-07-16 23:50:00",694,1.449,342.4,7.913,1.646,1.191,-69.5,-69.5,72.58
"2006-07-16 23:55:00",695,1.455,338.2,3.585,1.64,1.388,-70.96,-70.96,71.53
"2006-07-17 00:00:00",696,1.522,325.7,8.86,1.735,1.047,-71.53,-71.53,72.99
"2006-07-17 00:05:00",697,2.105,317,5.716,2.336,0.949,-71.86,-71.86,73.68
"2006-07-17 00:10:00",698,1.826,320.6,10.03,2.215,0.998,-71.38,-71.38,73.2
"2006-07-17 00:15:00",699,1.317,338.2,4.117,1.444,1.169,-69.99,-69.99,72.31
"2006-07-17 00:20:00",700,0.955,311.6,18.24,1.248,1.047,-67.68,-67.68,72.55
"2006-07-17 00:25:00",701,0.86,315,9.59,1.31,1.071,-67.58,-67.58,72.69
"2006-07-17 00:30:00",702,0.89,320.8,14.49,1.196,0.949,-68.02,-68.02,73.71
"2006-07-17 00:35:00",703,0.777,332.8,7.42,1.062,0.864,-66.48,-66.48,74.12
"2006-07-17 00:40:00",704,1.067,328.3,10.73,1.179,0.903,-69.64,-69.64,73.95
"2006-07-17 00:45:00",705,1.56,330.4,3.311,1.996,0.979,-74.05,-74.05,73.34
"2006-07-17 00:50:00",706,2.312,327,3.017,2.672,0.665,-76.19,-76.19,74.95
"2006-07-17 00:55:00",707,2.816,323.8,1.845,2.986,0.569,-76.72,-76.72,75.84
"2006-07-17 01:00:00",708,2.741,324.6,2.342,2.907,0.813,-80.2,-80.2,74.17
"2006-07-17 01:05:00",709,2.347,330.7,2.558,2.577,1.254,-78.86,-78.86,71.67
"2006-07-17 01:10:00",710,2.076,324.3,6.997,2.218,0.913,-73.34,-73.34,73.28
"2006-07-17 01:15:00",711,1.907,316.2,10.53,2.408,0.546,-68.15,-68.15,74.82
"2006-07-17 01:20:00",712,2.136,310,3.588,2.355,0.949,-71.41,-71.41,72.46
"2006-07-17 01:25:00",713,1.471,334.5,19.71,1.947,0.522,-68.12,-68.12,73.96
"2006-07-17 01:30:00",714,1.073,8.44,6.159,1.454,0.815,-63.5,-63.5,72.22
"2006-07-17 01:35:00",715,0.931,333.2,11.38,1.326,0.876,-67.22,-67.22,72.29
"2006-07-17 01:40:00",716,1.321,315.2,9.75,1.477,0.62,-69.74,-69.74,73.86
"2006-07-17 01:45:00",717,1.393,298.8,8.33,1.633,0.571,-67.28,-67.28,73.79
"2006-07-17 01:50:00",718,1.357,304.9,12.49,1.558,0.62,-68.33,-68.33,74.13
"2006-07-17 01:55:00",719,1.412,326.1,8.09,1.682,0.62,-72.44,-72.44,73.89
"2006-07-17 02:00:00",720,1.377,353.3,6.898,1.744,0.889,-67.99,-67.99,71.74
"2006-07-17 02:05:00",721,2.066,345.7,5.83,2.401,1.157,-73.46,-73.46,69.8
"2006-07-17 02:10:00",722,2.036,333.1,3.341,2.724,0.913,-74.7,-74.7,70.62
"2006-07-17 02:15:00",723,2.413,334.9,4.018,3.391,0.815,-77.34,-77.34,71.61
"2006-07-17 02:20:00",724,1.055,336.4,4.562,1.33,1.06,-68.87,-68.87,70.41
"2006-07-17 02:25:00",725,0.83,347.2,25.51,1.183,0.913,-65.97,-65.97,71.06
"2006-07-17 02:30:00",726,1.704,312,7.93,2.277,0.376,-69.28,-69.28,74.24
"2006-07-17 02:35:00",727,1.547,318,9.92,1.967,0.302,-71.13,-71.13,74.61
"2006-07-17 02:40:00",728,2.047,313.2,4.608,2.332,0.376,-72.59,-72.59,74.03
"2006-07-17 02:45:00",729,2.375,311.6,4.502,2.685,0.18,-70.97,-70.97,74.68
"2006-07-17 02:50:00",730,2.591,315.7,4.719,2.907,0.229,-74.75,-74.75,74.41
"2006-07-17 02:55:00",731,2.337,326.6,8.44,2.512,0.424,-76.27,-76.27,73.55
"2006-07-17 03:00:00",732,1.984,326.8,4.777,2.084,0.571,-77.55,-77.55,72.67
"2006-07-17 03:05:00",733,1.706,330.5,6.09,2.045,0.424,-73.37,-73.37,73.14
"2006-07-17 03:10:00",734,1.574,334.7,6.872,1.836,0.718,-72.85,-72.85,71.67
"2006-07-17 03:15:00",735,1.46,359.6,20.04,1.849,0.669,-66.31,-66.31,71.2
"2006-07-17 03:20:00",736,1.167,23.71,7.424,1.806,0.864,-61.2,-61.2,69.97
"2006-07-17 03:25:00",737,0.97,9.92,14.54,1.323,0.791,-63.28,-63.28,70
"2006-07-17 03:30:00",738,1.072,345.9,21.3,1.382,0.693,-68.75,-68.75,70.14
"2006-07-17 03:35:00",739,0.762,13.3,23.06,1.388,0.693,-64.13,-64.13,69.87
"2006-07-17 03:40:00",740,1.167,351.8,11.69,1.937,0.608,-67.41,-67.41,70
"2006-07-17 03:45:00",741,1.854,349.3,9.22,2.463,0.229,-70.83,-70.83,70.82
"2006-07-17 03:50:00",742,1.732,342.8,14.24,2.319,0.474,-71.17,-71.17,70.62
"2006-07-17 03:55:00",743,2.109,353.8,14.98,2.349,-0.014,-69.83,-69.83,72.26
"2006-07-17 04:00:00",744,1.399,347.1,10.14,1.904,0.571,-70.55,-70.55,70.21
"2006-07-17 04:05:00",745,1.198,356.9,18.07,1.914,0.571,-67.34,-67.34,69.97
"2006-07-17 04:10:00",746,2.113,332.4,3.446,2.306,0.522,-79.93,-79.93,69.87
"2006-07-17 04:15:00",747,2.452,327.4,5.415,2.643,0.144,-77.75,-77.75,71.95
"2006-07-17 04:20:00",748,2.457,320.4,7.256,2.786,0.134,-75.28,-75.28,72.02
"2006-07-17 04:25:00",749,2.051,310.8,13.52,2.44,-0.014,-71.53,-71.53,72.39
"2006-07-17 04:30:00",750,2.137,309.2,6.619,2.349,-0.038,-72.2,-72.2,72.84
"2006-07-17 04:35:00",751,1.79,316.9,6.317,2.329,-0.038,-73.67,-73.67,73.18
"2006-07-17 04:40:00",752,1.401,357,26.53,1.64,-0.112,-68.12,-68.12,72.36
"2006-07-17 04:45:00",753,1.707,355.1,8.76,1.869,0.035,-68.86,-68.86,71.75
"2006-07-17 04:50:00",754,1.301,345.9,4.763,1.604,0.43,-69.61,-69.61,70.08
"2006-07-17 04:55:00",755,1.784,338.4,2.39,2.254,0.529,-74.87,-74.87,69.29
"2006-07-17 05:00:00",756,2.423,331.4,1.643,2.669,0.14,-77.72,-77.72,71
"2006-07-17 05:05:00",757,2.021,337.6,4.356,2.61,0.432,-75.39,-75.39,69.63
"2006-07-17 05:10:00",758,1.821,338.6,4.774,2.27,0.582,-73,-73,68.65
"2006-07-17 05:15:00",759,2.369,354.2,3.505,2.617,0.898,-69.5,-69.5,66.94
"2006-07-17 05:20:00",760,2.405,340.9,10.79,2.996,0.579,-70.74,-70.74,67.59
"2006-07-17 05:25:00",761,1.767,351.3,26.82,2.901,0.482,-66.39,-66.39,66.9
"2006-07-17 05:30:00",762,1.699,357.7,8.03,2.764,0.724,-64.83,-64.83,66.11
"2006-07-17 05:35:00",763,0.823,343.9,6.22,1.512,0.82,-65.96,-65.96,64.03
"2006-07-17 05:40:00",764,0.998,352.6,13.56,1.741,0.967,-64.88,-64.88,63.31
"2006-07-17 05:45:00",765,1.496,351.8,6.961,2.185,0.966,-65.37,-65.37,62.19
"2006-07-17 05:50:00",766,1.593,4.505,7.911,1.976,0.686,-61.13,-61.13,63.35
"2006-07-17 05:55:00",767,2.028,7.519,3.169,2.411,0.234,-60.31,-60.31,64.95
"2006-07-17 06:00:00",768,1.936,7.824,9.23,2.283,0.332,-61.16,-61.16,64.58
"2006-07-17 06:05:00",769,1.407,349.7,4.821,1.663,0.674,-64.44,-64.44,63.42
"2006-07-17 06:10:00",770,1.631,342.5,5.804,2.404,0.627,-65.37,-65.37,64.17
"2006-07-17 06:15:00",771,1.311,342.6,5.62,1.767,0.823,-63.5,-63.5,63.32
"2006-07-17 06:20:00",772,1.341,353.4,4.6,1.764,0.821,-60.77,-60.77,63.45
"2006-07-17 06:25:00",773,2.03,354.6,3.555,2.698,0.673,-60.03,-60.03,63.69
"2006-07-17 06:30:00",774,3.104,349.5,4.49,3.276,0.282,-61.49,-61.49,65.67
"2006-07-17 06:35:00",775,2.874,346.3,2.734,3.172,0.331,-65.04,-65.04,66.25
"2006-07-17 06:40:00",776,2.123,345.7,4.627,2.486,0.769,-65.14,-65.14,64.27
"2006-07-17 06:45:00",777,1.633,345.9,3.469,1.833,1.013,-61.39,-61.39,63.31
"2006-07-17 06:50:00",778,1.957,0.817,10.25,2.568,0.474,-56.38,-56.38,65.46
"2006-07-17 06:55:00",779,2.008,347.6,1.809,2.261,0.719,-61.11,-61.11,64.37
"2006-07-17 07:00:00",780,2.103,340.4,2.326,2.486,0.791,-62.52,-62.52,63.38
"2006-07-17 07:05:00",781,2.075,334.6,3.051,2.59,0.743,-61.75,-61.75,62.93
"2006-07-17 07:10:00",782,1.37,341.4,5.829,1.591,0.791,-57.51,-57.51,63.68
"2006-07-17 07:15:00",783,1.611,352.7,11.36,2.29,0.791,-55.38,-55.38,61.91
"2006-07-17 07:20:00",784,2.414,12.47,3.431,2.581,0.4,-50.19,-50.19,62.32
"2006-07-17 07:25:00",785,2.326,1.294,3.034,2.411,0.327,-52.24,-52.24,63.14
"2006-07-17 07:30:00",786,1.887,355.6,4.019,2.349,0.791,-53.7,-53.7,62.15
"2006-07-17 07:35:00",787,1.62,17.94,6.692,2.264,1.06,-47.33,-47.33,61.26
"2006-07-17 07:40:00",788,2.388,7.176,5.968,2.721,0.473,-50.49,-50.49,64.16
"2006-07-17 07:45:00",789,2.471,6.861,4.795,2.764,0.473,-50.16,-50.16,64.2
"2006-07-17 07:50:00",790,2.341,12.44,8.7,2.564,0.205,-49.08,-49.08,66.07
"2006-07-17 07:55:00",791,1.772,6.703,6.824,2.228,0.718,-43.02,-43.02,62.63
"2006-07-17 08:00:00",792,1.14,12.32,7.471,1.859,0.864,-48.41,-48.41,62.15
"2006-07-17 08:05:00",793,0.8,6.566,2.83,1.196,1.157,-42.58,-42.58,62.52
"2006-07-17 08:10:00",794,1.062,354.5,7.707,1.447,1.145,-13.07,-13.07,63.62
"2006-07-17 08:15:00",795,1.134,348.6,9.77,1.522,1.646,54.59,54.59,61.33
"2006-07-17 08:20:00",796,0.366,7.378,9.79,0.951,2.599,89.2,89.2,56.58
"2006-07-17 08:25:00",797,0.65,33.57,8.28,0.836,2.892,90.5,90.5,55.49
"2006-07-17 08:30:00",798,0.952,13.89,11.81,1.829,2.569,100.2,100.2,57.53
"2006-07-17 08:35:00",799,1.613,6.679,4.952,1.904,2.052,103.8,103.8,59.75
"2006-07-17 08:40:00",800,1.298,358.3,3.923,1.522,2.217,115.1,115.1,59.34
"2006-07-17 08:45:00",801,0.781,357.9,8.87,1.104,2.699,120.1,120.1,57.73
"2006-07-17 08:50:00",802,0.892,21.58,6.816,1.349,2.938,121.2,121.2,56.02
"2006-07-17 08:55:00",803,2,6.316,2.996,2.316,1.954,138.5,138.5,64.2
"2006-07-17 09:00:00",804,1.819,0.894,1.009,2.28,2.015,140.6,140.6,60.82
"2006-07-17 09:05:00",805,0.529,356.5,5.096,1.071,2.781,148.1,148.1,56.62
"2006-07-17 09:10:00",806,0.506,351.1,2.823,0.869,3.134,156.1,156.1,55.5
"2006-07-17 09:15:00",807,0.612,356,20.26,1.016,3.387,167.6,167.6,55.56
"2006-07-17 09:20:00",808,1.417,348.2,7.156,1.865,2.721,181.3,181.3,61.25
"2006-07-17 09:25:00",809,0.928,358.6,10.25,1.424,2.915,179.2,179.2,63.03
"2006-07-17 09:30:00",810,0.633,351.7,8.52,0.921,3.157,187,187,56.41
"2006-07-17 09:35:00",811,0.417,352.2,30.72,0.911,3.596,198.6,198.6,53.74
"2006-07-17 09:40:00",812,0.035,345,2.126,0.252,4.374,205.3,205.3,53.26
"2006-07-17 09:45:00",813,0.126,354.1,13.07,0.516,4.665,217,217,52.24
"2006-07-17 09:50:00",814,0.623,22.4,6.861,0.889,3.977,204.8,204.8,54.52
"2006-07-17 09:55:00",815,1.373,8.61,3.424,2.006,2.801,227.3,227.3,59.6
"2006-07-17 10:00:00",816,1.864,3.473,2.423,2.038,2.477,235.3,235.3,60.93
"2006-07-17 10:05:00",817,1.98,5.99,3.005,2.11,2.596,242.9,242.9,62.26
"2006-07-17 10:10:00",818,1.832,2.678,3.528,2.11,2.547,246.5,246.5,63.04
"2006-07-17 10:15:00",819,1.239,27.3,14.59,1.829,3.254,253.5,253.5,57.75
"2006-07-17 10:20:00",820,0.493,61.47,19.46,0.957,4.559,251.8,251.8,52.23
"2006-07-17 10:25:00",821,1.307,97.9,43.42,2.058,3.766,258.6,258.6,53.04
"2006-07-17 10:30:00",822,1.413,118.3,11.18,2.208,3.667,271.3,271.3,56.25
"2006-07-17 10:35:00",823,1.48,117.8,5.448,1.914,3.627,280.2,280.2,50.93
"2006-07-17 10:40:00",824,1.44,95.3,15.44,1.908,3.763,299.3,299.3,54.65
"2006-07-17 10:45:00",825,1.259,115.6,31.76,1.829,4.149,298.1,298.1,47.24
"2006-07-17 10:50:00",826,1.24,135.2,11.05,2.016,3.852,287.8,287.8,57.13
"2006-07-17 10:55:00",827,1.396,125.9,10.15,1.659,3.754,300,300,52.76
"2006-07-17 11:00:00",828,1.783,114.3,14.82,2.189,3.658,315.3,315.3,55.32
"2006-07-17 11:05:00",829,1.64,121.9,20.01,2.065,3.705,319.7,319.7,55.19
"2006-07-17 11:10:00",830,0.848,127.2,8.62,1.277,4.046,328.6,328.6,56.96
"2006-07-17 11:15:00",831,1.133,74.68,19.13,1.842,3.704,349.3,349.3,59.45
"2006-07-17 11:20:00",832,1.181,80.7,22.4,1.718,3.704,349.7,349.7,59
"2006-07-17 11:25:00",833,1.62,114.5,10.06,2.349,3.704,347.7,347.7,57.71
"2006-07-17 11:30:00",834,2.376,134,12.5,2.538,3.46,328.3,328.3,56.92
"2006-07-17 11:35:00",835,2.572,134.2,6.872,2.884,3.387,322.1,322.1,51.02
"2006-07-17 11:40:00",836,2.158,139.4,12.7,2.401,3.655,335.7,335.7,52.08
"2006-07-17 11:45:00",837,2.062,138.7,12.24,2.525,3.704,336.8,336.8,50.61
"2006-07-17 11:50:00",838,2.096,133.7,9.18,2.577,3.753,349.3,349.3,52.73
"2006-07-17 11:55:00",839,2.501,144.3,10.37,3.058,3.704,334.3,334.3,52.9
"2006-07-17 12:00:00",840,2.177,136,11.55,2.352,3.643,360.1,360.1,55.25
"2006-07-17 12:05:00",841,2.231,123.1,3.902,2.499,3.607,380.7,380.7,55.29
"2006-07-17 12:10:00",842,2.23,132.8,5.893,2.643,3.68,363.2,363.2,54.09
"2006-07-17 12:15:00",843,2.555,147.8,5.166,3.793,3.509,348.8,348.8,52.59
"2006-07-17 12:20:00",844,2.296,156.1,9.28,2.881,3.716,351,351,50
"2006-07-17 12:25:00",845,2.254,158.1,7.546,2.59,3.558,358.2,358.2,51.84
"2006-07-17 12:30:00",846,2.453,148.8,6.426,3.035,3.655,367.9,367.9,53.99
"2006-07-17 12:35:00",847,2.337,159.3,13.33,2.93,3.558,361.6,361.6,58.36
"2006-07-17 12:40:00",848,2.836,160,5.167,3.731,3.411,347,347,54.16
"2006-07-17 12:45:00",849,2.407,155.1,7.25,2.819,3.546,370.2,370.2,51.84
"2006-07-17 12:50:00",850,2.085,154.8,9.29,3.646,3.753,378.7,378.7,48.81
"2006-07-17 12:55:00",851,2.067,153.7,8.14,3.682,4.29,392,392,49.28
"2006-07-17 13:00:00",852,2.262,145.5,9.28,3.156,4.241,394.7,394.7,49.18
"2006-07-17 13:05:00",853,2.414,145.1,9.56,3.035,4.143,387.7,387.7,48.7
"2006-07-17 13:10:00",854,2.365,159.5,8.68,3.11,4.009,382.3,382.3,53.85
"2006-07-17 13:15:00",855,2.843,141.5,9.5,3.809,4.095,387.6,387.6,48.6
"2006-07-17 13:20:00",856,2.133,133.4,29.86,3.466,4.387,428.5,428.5,51.13
"2006-07-17 13:25:00",857,2.451,143.5,11.9,3.299,4.217,401.4,401.4,48.7
"2006-07-17 13:30:00",858,3.063,160.7,10.29,4.155,3.997,378.5,378.5,50.41
"2006-07-17 13:35:00",859,2.502,152.4,12.82,3.156,3.997,401,401,44.41
"2006-07-17 13:40:00",860,3.212,154.6,9.86,3.815,3.899,369.4,369.4,49.28
"2006-07-17 13:45:00",861,3.496,158.2,8.58,3.861,3.704,359.1,359.1,48.64
"2006-07-17 13:50:00",862,3.542,153.5,6.55,4.459,3.704,368.1,368.1,54.64
"2006-07-17 13:55:00",863,3.705,157.3,6.925,4.544,3.436,385.7,385.7,54.09
"2006-07-17 14:00:00",864,3.436,152.9,5.534,3.985,3.619,388.5,388.5,52.32
"2006-07-17 14:05:00",865,4.076,148.2,7.886,5.7,3.668,381.4,381.9,52.73
