"TOA5","5212","CR1000","5212","CR1000.Std.10","CRD:july8_06_OnIce1.CR1","24312","FiveMin"
"TIMESTAMP","RECORD","WS_ms_S_WVT","WindDir_D1_WVT","WindDir_SD1_WVT","WS_ms_Max","AirTC","NR_Wm2_Avg","CNR_Wm2_Avg","RH"
"TS","RN","meters/second","Deg","Deg","meters/second","Deg C","W/m²","Watts/meter²","%"
"","","WVc","WVc","WVc","Max","Smp","Avg","Avg","Smp"
"2006-07-09 15:05:00",0,3.272,314.7,6.82,4.482,3.301,29.97,29.97,75.99
"2006-07-09 15:10:00",1,2.322,278.8,43.65,4.995,3.594,73.58,73.58,76.54
"2006-07-09 15:15:00",2,1.477,141.9,71.79,2.479,3.593,58.34,58.34,81.4
"2006-07-09 15:20:00",3,1.39,358.3,73.96,3.133,3.786,87.4,87.4,73.97
"2006-07-09 15:25:00",4,2.586,316.5,53.57,6.22,3.686,128.3,128.7,74.89
"2006-07-09 15:30:00",5,2.707,308.1,39.69,4.443,3.44,147.5,147.5,73.94
"2006-07-09 15:35:00",6,4.282,325.6,9.85,4.616,3.585,208.2,208.2,73.7
"2006-07-09 15:40:00",7,3.965,311.2,16.3,5.759,3.658,170.4,171,74.48
"2006-07-09 15:45:00",8,4.1,328.6,14.09,5.38,3.63,157.9,158.1,73.62
"2006-07-09 15:50:00",9,2.535,296.4,23.45,3.495,3.358,78.55,78.55,80.4
"2006-07-09 15:55:00",10,3.534,326.7,4.755,4.89,3.331,55.64,55.64,77.88
"2006-07-09 16:00:00",11,3.651,325.6,10.64,5.449,3.624,73.47,73.53,76.14
"2006-07-09 16:05:00",12,3.104,319.6,9.54,4.929,3.549,10.36,10.36,76.55
"2006-07-09 16:10:00",13,2.207,316.7,15.78,3.649,3.353,-6.028,-6.028,78.7
"2006-07-09 16:15:00",14,3.219,319.8,5.204,4.24,3.098,-36.27,-36.27,81.1
"2006-07-09 16:20:00",15,4.507,332,5.57,5.315,2.869,-56.48,-56.54,83.1
"2006-07-09 16:25:00",16,3.146,321.2,14.07,4.106,2.799,-44.89,-44.89,83.9
"2006-07-09 16:30:00",17,3.024,328.4,7.743,3.437,2.582,-8.82,-8.82,85.7
"2006-07-09 16:35:00",18,1.284,303,23.1,2.698,2.9,36.43,36.43,83.8
"2006-07-09 16:40:00",19,1.533,269.5,30.93,2.163,2.731,17.57,17.57,85.8
"2006-07-09 16:45:00",20,0.853,170.2,16.02,1.202,2.98,41.05,41.05,86.4
"2006-07-09 16:50:00",21,0.252,168.2,11.69,0.686,3.567,64.37,64.37,83.9
"2006-07-09 16:55:00",22,0.05,294.9,40.56,0.359,3.688,56.54,56.54,82.1
"2006-07-09 17:00:00",23,0.029,317.9,0,0.225,4.178,82.8,82.8,79.84
"2006-07-09 17:05:00",24,0.212,143.5,0.19,0.503,4.028,73.96,73.96,81
"2006-07-09 17:10:00",25,0.553,354.1,57.43,1.418,3.293,46.31,46.31,83.7
"2006-07-09 17:15:00",26,1.197,332.6,6.133,1.428,2.804,54.05,54.05,87.3
"2006-07-09 17:20:00",27,0.79,347.9,12.26,1.303,3.096,58.26,58.26,86.1
"2006-07-09 17:25:00",28,0.439,27.11,29.52,0.666,3.486,62.98,62.98,85.3
"2006-07-09 17:30:00",29,0.768,91.7,13.49,1.362,3.34,60.36,60.36,86.9
"2006-07-09 17:35:00",30,0.146,134.7,10.72,0.327,3.681,79.5,79.5,84.9
"2006-07-09 17:40:00",31,0.441,132.4,8.04,0.549,3.742,87.6,87.6,86.4
"2006-07-09 17:45:00",32,0.46,127.2,8.19,0.66,3.582,75.31,75.31,88
"2006-07-09 17:50:00",33,0.218,141.1,5.249,0.742,3.723,82.7,82.7,85.8
"2006-07-09 17:55:00",34,0.588,315.5,16.77,1.251,3.122,45.76,45.76,88
"2006-07-09 18:00:00",35,0.766,10.92,22.2,1.176,3.145,54.94,54.94,89.8
"2006-07-09 18:05:00",36,1.112,51.93,8.49,1.313,2.937,34.73,34.73,89.6
"2006-07-09 18:10:00",37,0.798,30.31,10.06,1.251,3.034,48.4,48.4,89.7
"2006-07-09 18:15:00",38,0.833,358.6,12.29,1.32,3.156,69.34,69.34,89.7
"2006-07-09 18:20:00",39,0.063,19.73,0.092,0.255,4.156,94.1,94.1,84.9
"2006-07-09 18:25:00",40,0.104,34.21,4.93,0.301,5.035,97.6,97.6,80.1
"2006-07-09 18:30:00",41,0.161,346.9,1.13,0.627,4.742,67.44,67.44,81
"2006-07-09 18:35:00",42,0.418,21.94,30.11,0.81,4.303,29.83,29.83,83.6
"2006-07-09 17:40:00",43,0.595,353.2,15.1,0.908,3.62,50.62,50.62,86.3
"2006-07-09 17:45:00",44,0.565,45.97,60.92,1.352,3.667,44.91,44.91,87.4
"2006-07-09 17:50:00",45,1.193,45.38,49.13,1.79,3.454,36.42,36.42,88.4
"2006-07-09 17:55:00",46,1,43.02,79.35,1.708,3.854,58.89,58.89,84.7
"2006-07-09 18:00:00",47,1.153,207.8,94.1,2.127,3.364,56.61,56.61,88.1
"2006-07-09 18:05:00",48,1.311,296.1,69.02,3.172,3.965,38.4,38.4,84
"2006-07-09 18:10:00",49,1.683,270.6,86.4,3.544,3.415,25.98,25.98,90.1
"2006-07-09 18:15:00",50,0.961,282.9,39.54,1.803,3.657,75.33,75.33,90.6
"2006-07-09 18:20:00",51,1.115,29.99,32.63,2.051,3.852,57.22,57.22,88.6
"2006-07-09 18:25:00",52,1.428,161.6,18.37,2.238,3.802,50.83,50.83,90.8
"2006-07-09 18:30:00",53,0.645,253.5,31.07,1.323,3.608,81.6,81.6,89.7
"2006-07-09 18:35:00",54,1.875,323.6,6.941,3.051,3.205,46.88,46.88,93.6
"2006-07-09 18:40:00",55,1.558,137.9,3.607,2.813,3.413,34.24,34.24,91.5
"2006-07-09 18:45:00",56,1.106,96.5,21.26,1.365,3.513,68.02,68.02,91
"2006-07-09 18:50:00",57,0.907,90.6,17.4,1.365,3.34,43.93,43.93,91.8
"2006-07-09 18:55:00",58,0.546,105.1,16.35,1.215,3.416,50.83,50.83,92.3
"2006-07-09 19:00:00",59,0.617,82.8,22.83,1.418,3.443,39.42,39.42,92.1
"2006-07-09 19:05:00",60,1.838,78.16,40.6,3.254,3.127,8.57,8.57,88.7
"2006-07-09 19:10:00",61,1.539,111.4,22.97,2.355,3.178,38.73,38.73,94
"2006-07-09 19:15:00",62,0.157,98.6,65.99,0.49,3.57,57.82,57.82,91.7
"2006-07-09 19:20:00",63,0.909,348.3,62.63,1.473,3.18,27.93,27.93,93.9
"2006-07-09 19:25:00",64,0.994,133.9,37.31,1.725,3.131,26.47,26.47,94.5
"2006-07-09 19:30:00",65,0.692,327,72.99,1.444,3.131,29.32,29.32,90.7
"2006-07-09 19:35:00",66,3.312,309.1,25.8,5.099,3.083,-33.06,-33.08,89.5
"2006-07-09 19:40:00",67,4.679,322.9,9.68,6.027,3.229,-54.28,-54.71,87.5
"2006-07-09 19:45:00",68,5.909,326.7,7.622,6.886,2.961,-48.61,-49.52,88.8
"2006-07-09 19:50:00",69,6.247,320.8,6.721,6.961,2.988,-33.94,-34.87,88.3
"2006-07-09 19:55:00",70,6.743,320,6.007,7.376,3.043,-44.68,-46.37,85.9
"2006-07-09 20:00:00",71,6.831,321.7,8.04,7.961,3.094,-52.74,-54.9,84.5
"2006-07-09 20:05:00",72,7.262,321.9,1.957,8.68,3.049,-60.1,-63.12,84
"2006-07-09 20:10:00",73,7.828,323.9,4.863,8.62,2.917,-63.37,-67.19,84.3
"2006-07-09 20:15:00",74,7.563,323.9,8.23,8.51,2.883,-64.88,-68.46,84.2
"2006-07-09 20:20:00",75,7.278,319.7,3.1,7.755,2.861,-66.06,-69.27,84.5
"2006-07-09 20:25:00",76,7.202,320.4,7.547,8.08,2.837,-63.75,-66.77,84.6
"2006-07-09 20:30:00",77,6.665,321.6,4.2,7.83,2.765,-58.91,-61.05,84.9
"2006-07-09 20:35:00",78,5.621,325.3,9.23,6.804,3.083,-52.42,-53.27,82.4
"2006-07-09 20:40:00",79,6.653,328.5,5.329,7.441,2.815,-49.9,-51.7,83.4
"2006-07-09 20:45:00",80,6.571,326.9,4.424,7.105,2.889,-47.42,-49.03,83.3
"2006-07-09 20:50:00",81,5.793,320.7,8.04,6.948,2.962,-36.8,-37.49,82.3
"2006-07-09 20:55:00",82,6.106,329.6,4.678,6.886,2.571,-30.3,-31.07,85.4
"2006-07-09 21:00:00",83,5.838,331,5.712,6.687,2.669,-37.57,-38.28,85.3
"2006-07-09 21:05:00",84,3.966,321.3,11.56,5.057,2.572,-34.51,-34.52,84.9
"2006-07-09 21:10:00",85,4.724,322,14.41,5.191,2.718,-39.39,-39.43,85.2
"2006-07-09 21:15:00",86,3.798,318.8,23.86,5.171,2.767,-34.92,-34.94,87
"2006-07-09 21:20:00",87,1.085,295.9,34.96,2.793,2.376,5.697,5.697,94.3
"2006-07-09 21:25:00",88,0.099,293.7,8.08,0.252,2.425,8.7,8.7,94.7
"2006-07-09 21:30:00",89,0.36,4.099,20.44,1.712,2.425,0.693,0.693,91.7
"2006-07-09 21:35:00",90,1.48,241.3,69.05,2.179,2.669,-11.65,-11.65,92
"2006-07-09 21:40:00",91,1.718,249.4,71.21,2.274,2.23,-4.106,-4.106,95
"2006-07-09 21:45:00",92,0.077,315.3,11.32,0.382,2.181,3.746,3.746,95.7
"2006-07-09 21:50:00",93,0.314,184.6,51.11,0.8,2.134,9.55,9.55,95.8
"2006-07-09 21:55:00",94,0.187,273.9,38.65,0.758,2.135,10.47,10.47,96
"2006-07-09 22:00:00",95,0.691,116.3,74.67,1.085,2.136,4.619,4.619,96.4
"2006-07-09 22:05:00",96,0.472,50.27,50.1,0.869,2.247,1.334,1.334,95
"2006-07-09 22:10:00",97,3.454,315.2,18.68,5.606,2.917,-42.01,-42.12,85.5
"2006-07-09 22:15:00",98,3.553,309.2,35.74,4.88,2.701,-41.65,-41.65,90.5
"2006-07-09 22:20:00",99,4.338,307.6,16.67,5.736,2.971,-44.32,-44.4,86.2
"2006-07-09 22:25:00",100,5.465,304.1,10.42,6.308,2.971,-49.37,-49.98,86.3
"2006-07-09 22:30:00",101,5.193,309.7,4.436,6.207,3.07,-58.87,-59.3,85.9
"2006-07-09 22:35:00",102,4.142,293.2,14.42,5.423,3.168,-46.55,-46.64,85.8
"2006-07-09 22:40:00",103,3.154,306.9,16.53,3.949,3.072,-29.2,-29.2,87.6
"2006-07-09 22:45:00",104,3.962,309.9,15.64,5.488,2.827,-31.28,-31.32,88.7
"2006-07-09 22:50:00",105,3.97,301.9,16.91,5.517,2.877,-44.78,-44.87,88.9
"2006-07-09 22:55:00",106,4.794,308,7.731,5.936,2.814,-56.33,-56.65,89.5
"2006-07-09 23:00:00",107,4.963,310.2,12.81,6.88,2.753,-54.82,-55.49,89.9
"2006-07-09 23:05:00",108,5.436,307.3,10.29,6.292,2.849,-53.2,-53.73,89.7
"2006-07-09 23:10:00",109,5.458,303,14.82,6.778,2.68,-39.88,-40.61,90.2
"2006-07-09 23:15:00",110,4.795,317.1,16.15,6.194,2.876,-35.57,-35.9,88.9
"2006-07-09 23:20:00",111,2.986,305.2,13.08,5.775,2.486,-20.63,-20.69,92.3
"2006-07-09 23:25:00",112,1.781,295.7,55.06,3.982,2.438,-17.17,-17.17,92.6
"2006-07-09 23:30:00",113,1.085,296.5,70.16,2.159,2.438,-14.12,-14.12,91.8
"2006-07-09 23:35:00",114,2.423,313.8,75.18,4.871,2.511,-24,-24,90.5
"2006-07-09 23:40:00",115,1.935,290.7,75.85,3.933,2.12,-11.37,-11.37,95.7
"2006-07-09 23:45:00",116,0.828,266.1,80.2,1.79,1.998,-2.515,-2.515,96.6
"2006-07-09 23:50:00",117,2.638,315.2,24.64,3.809,2.499,-24.48,-24.48,91.8
"2006-07-09 23:55:00",118,3.303,293.7,24.76,4.92,2.78,-34.03,-34.03,89.7
"2006-07-10 00:00:00",119,4.439,315.8,20.26,6.811,2.682,-49.71,-50.47,85.3
"2006-07-10 00:05:00",120,4.319,319.1,16.67,5.847,2.584,-57.15,-57.27,86.1
"2006-07-10 00:10:00",121,4.395,319.9,12.57,5.547,2.536,-60.26,-60.43,86.5
"2006-07-10 00:15:00",122,3.413,310.6,15.82,4.874,2.609,-39.91,-39.91,87.5
"2006-07-10 00:20:00",123,0.88,192.9,50.84,1.957,2.389,-12.06,-12.06,93.3
"2006-07-10 00:25:00",124,0.957,178.2,72.18,1.8,1.803,-4.953,-4.953,97.1
"2006-07-10 00:30:00",125,0.876,197.9,41.04,1.375,1.754,-4.568,-4.568,98.3
"2006-07-10 00:35:00",126,0.259,351.8,26.53,0.784,1.705,-9.7,-9.7,98.7
"2006-07-10 00:40:00",127,0.592,283.4,34.28,1.091,1.705,-9.42,-9.42,98.2
"2006-07-10 00:45:00",128,0.883,295.2,36.75,1.633,1.901,-8.98,-8.98,95.9
"2006-07-10 00:50:00",129,2.001,294,29.1,4.332,2.67,-25.08,-25.08,87.2
"2006-07-10 00:55:00",130,4.628,312.7,19.62,5.449,2.902,-53.41,-53.56,85.3
"2006-07-10 01:00:00",131,4.443,311,14.34,5.651,3.111,-57.37,-57.49,84.3
"2006-07-10 01:05:00",132,4.185,305,18.3,5.576,2.829,-53.19,-53.43,85.2
"2006-07-10 01:10:00",133,5.335,318.8,6.935,6.553,2.817,-66.94,-67.55,84.9
"2006-07-10 01:15:00",134,4.975,315.6,9.07,5.606,2.829,-74.77,-74.98,84.5
"2006-07-10 01:20:00",135,3.902,302.3,15.11,4.4,3.122,-65.86,-65.86,82.8
"2006-07-10 01:25:00",136,3.454,311.3,8.27,4.462,3.025,-64.2,-64.2,83.3
"2006-07-10 01:30:00",137,3.65,314.1,14.47,4.583,3.024,-59.65,-59.65,83.4
"2006-07-10 01:35:00",138,4.095,320.5,13.98,5.233,2.975,-61.53,-61.59,84
"2006-07-10 01:40:00",139,4.648,308.1,18.88,5.537,3.073,-62.81,-62.96,83.1
"2006-07-10 01:45:00",140,5.287,325.7,8.41,6.096,2.975,-72.26,-72.84,84.4
"2006-07-10 01:50:00",141,4.407,322.4,6.359,4.991,2.78,-65.99,-65.99,85.9
"2006-07-10 01:55:00",142,5.933,329.1,6.757,6.87,2.78,-64.86,-66.21,86.1
"2006-07-10 02:00:00",143,6.746,337.3,4.568,7.954,2.938,-60.45,-62.72,85.1
"2006-07-10 02:05:00",144,7.075,345.2,9.88,7.85,3.024,-58.63,-61.23,84.6
"2006-07-10 02:10:00",145,6.525,341.2,4.899,7.99,3.097,-52.39,-54.16,84.2
"2006-07-10 02:15:00",146,6.491,345.6,11.79,8.34,3.317,-64.17,-66.35,81.8
"2006-07-10 02:20:00",147,6.79,334.6,5.975,8.04,2.975,-81,-84.1,85.4
"2006-07-10 02:25:00",148,7.172,331.1,7.42,8.01,2.877,-81,-84.8,84.2
"2006-07-10 02:30:00",149,6.591,338.7,7.483,7.265,3.17,-81.9,-84.7,82.9
"2006-07-10 02:35:00",150,6.403,331.7,4.125,7.628,2.975,-76.02,-78.33,84.7
"2006-07-10 02:40:00",151,6.422,330,8.51,6.886,3.024,-74.84,-77.12,83.8
"2006-07-10 02:45:00",152,6.513,310.8,12.66,7.804,3.219,-71.25,-73.62,82.9
"2006-07-10 02:50:00",153,4.139,291.4,23.68,5.39,3.317,-56.69,-56.81,81.9
"2006-07-10 02:55:00",154,1.687,268.8,89.3,3.77,3.17,-37.09,-37.09,85.8
"2006-07-10 03:00:00",155,1.219,232.2,65.76,3.407,3.085,-28.67,-28.67,84.1
"2006-07-10 03:05:00",156,1.818,236.1,62.4,2.966,2.633,-24.59,-24.59,89.2
"2006-07-10 03:10:00",157,0.901,201.4,56.19,1.369,2.194,-25.82,-25.82,91.8
"2006-07-10 03:15:00",158,0.545,267.9,34.23,1.666,2.145,-26.26,-26.26,93.2
"2006-07-10 03:20:00",159,0.276,236.5,91,0.784,2.12,-20.48,-20.48,93.7
"2006-07-10 03:25:00",160,0.528,129.2,78.49,1.13,1.901,-21.18,-21.18,94.9
"2006-07-10 03:30:00",161,0.976,179.1,47.8,1.846,1.926,-20.69,-20.69,95.9
"2006-07-10 03:35:00",162,2.45,281.7,29.75,3.907,2.831,-20.51,-20.51,87.2
"2006-07-10 03:40:00",163,5.027,316.5,12.04,6.876,2.636,-42.99,-43.58,90
"2006-07-10 03:45:00",164,5.936,316.4,6.258,6.514,2.635,-50.77,-51.77,89.2
"2006-07-10 03:50:00",165,5.734,321.4,5.499,6.435,2.539,-49.8,-50.63,90.4
"2006-07-10 03:55:00",166,5.104,323.3,5.717,5.498,2.634,-50.21,-50.45,88.1
"2006-07-10 04:00:00",167,4.623,306.6,15.52,5.661,3.172,-51.26,-51.35,83.1
"2006-07-10 04:05:00",168,3.822,299.2,11.15,5.099,3.269,-34.55,-34.56,82.2
"2006-07-10 04:10:00",169,5.467,305.7,13.08,6.902,3.22,-27.13,-27.53,83.4
"2006-07-10 04:15:00",170,4.762,294.7,8.11,5.694,3.268,-14.86,-14.91,83.4
"2006-07-10 04:20:00",171,5.189,308.7,7.611,5.985,2.926,-14.53,-14.64,86.7
"2006-07-10 04:25:00",172,4.731,311,10.15,5.573,2.731,-15.63,-15.69,88.5
"2006-07-10 04:30:00",173,3.911,301.2,16.55,5.344,2.78,-13.37,-13.38,88.1
"2006-07-10 04:35:00",174,3.819,298.9,12.23,5.276,2.999,-11.73,-11.74,85.4
"2006-07-10 04:40:00",175,3.584,292,11.78,4.335,3.073,-7.315,-7.315,84.6
"2006-07-10 04:45:00",176,2.534,301.1,12.71,3.649,3.134,-9.47,-9.47,83
"2006-07-10 04:50:00",177,4.524,293.9,12.57,5.455,3.268,-12.04,-12.05,82.3
"2006-07-10 04:55:00",178,4.183,299.7,12.72,5.847,3.195,-17.91,-17.97,81.1
"2006-07-10 05:00:00",179,5.225,297.6,10.03,6.409,3.317,-23.48,-23.64,79.59
"2006-07-10 05:05:00",180,5.046,312.6,6.925,5.844,3.17,-36.75,-36.92,80.6
"2006-07-10 05:10:00",181,4.992,301.7,13.21,5.896,3.073,-26.41,-26.51,82.6
"2006-07-10 05:15:00",182,5.419,307.6,11.69,5.864,2.804,-22.64,-22.88,87
"2006-07-10 05:20:00",183,5.06,318.8,5.505,5.87,2.658,-29.82,-30.03,88.3
"2006-07-10 05:25:00",184,5.405,323.7,5.484,6.151,2.706,-39.24,-39.6,88.2
"2006-07-10 05:30:00",185,5.103,324.8,7.066,5.71,2.78,-37.29,-37.47,85.4
"2006-07-10 05:35:00",186,4.479,316.9,8.79,5.691,2.829,-38.8,-38.85,84.6
"2006-07-10 05:40:00",187,4.588,313.8,8.26,5.197,2.829,-34.57,-34.59,85.1
"2006-07-10 05:45:00",188,5.119,323.8,9.95,6.197,2.829,-25.92,-26.1,85.1
"2006-07-10 05:50:00",189,4.838,334.2,4.46,5.377,2.731,-23.66,-23.72,84.4
"2006-07-10 05:55:00",190,4.712,329.1,7.501,5.436,2.877,-21.2,-21.23,81.6
"2006-07-10 06:00:00",191,4.415,329.7,7.598,4.985,3.024,-7.828,-7.828,82.3
"2006-07-10 06:05:00",192,3.816,330.3,6.543,3.949,2.975,-3.131,-3.131,81.1
"2006-07-10 06:10:00",193,4.014,333,6.182,4.279,3.073,-5.184,-5.184,80.1
"2006-07-10 06:15:00",194,3.613,323.7,5.945,4.27,3.024,1.155,1.155,80.9
"2006-07-10 06:20:00",195,4.051,329.6,5.856,4.528,2.951,3.516,3.516,82.2
"2006-07-10 06:25:00",196,3.697,326.8,8.3,4.224,2.877,5.954,5.954,83
"2006-07-10 06:30:00",197,3.525,327.5,3.405,3.998,2.682,3.105,3.105,84.3
"2006-07-10 06:35:00",198,3.676,322.3,5.349,4.103,2.731,3.439,3.439,84
"2006-07-10 06:40:00",199,3.062,313.5,10.62,4.005,2.78,1.412,1.412,82.7
"2006-07-10 06:45:00",200,1.923,325.6,11.85,2.741,2.926,3.567,3.567,81.3
"2006-07-10 06:50:00",201,1.314,334.9,7.308,2.584,2.926,13.22,13.22,80.9
"2006-07-10 06:55:00",202,3.399,330.7,5.049,4.23,2.951,5.518,5.518,80.8
"2006-07-10 07:00:00",203,3.584,332.8,4.353,4.609,2.877,-4.055,-4.055,80.6
"2006-07-10 07:05:00",204,4.259,332.5,3.926,5.112,2.999,-8.06,-8.06,77.65
"2006-07-10 07:10:00",205,4.551,330.2,5.873,5.416,3.073,-8.44,-8.45,78.36
"2006-07-10 07:15:00",206,5.255,324.6,5.557,5.887,2.926,-23.28,-23.45,80.5
"2006-07-10 07:20:00",207,4.845,327.9,5.831,5.691,2.999,-37.57,-37.68,78.7
"2006-07-10 07:25:00",208,5.047,325.1,3.832,5.39,2.975,-47.71,-47.83,77.06
"2006-07-10 07:30:00",209,3.806,319.7,10,4.439,3.071,-50.51,-50.51,76.38
"2006-07-10 07:35:00",210,3.928,319.2,11.96,4.573,3.169,-51.25,-51.25,74.81
"2006-07-10 07:40:00",211,4.351,327.6,13.92,5.481,2.974,-50.25,-50.32,75.46
"2006-07-10 07:45:00",212,4.967,331.3,6.086,5.87,2.877,-40.7,-40.77,78.22
"2006-07-10 07:50:00",213,5.829,323.8,4.304,6.432,3.121,52.77,53.71,76.48
"2006-07-10 07:55:00",214,6.108,325.7,6.338,6.837,3.134,67.98,69.6,76.25
"2006-07-10 08:00:00",215,5.492,332.6,3.882,6.422,3.242,78.2,79.03,75.53
"2006-07-10 08:05:00",216,4.616,333.8,6.84,5.099,3.411,76.04,76.08,72.49
"2006-07-10 08:10:00",217,4.694,332.9,10.21,5.527,3.601,90.4,90.6,72.18
"2006-07-10 08:15:00",218,5.196,328.8,7.008,6.507,3.476,103.8,104.7,72.24
"2006-07-10 08:20:00",219,4.582,332.7,7.986,5.638,3.451,104.5,104.7,72.51
"2006-07-10 08:25:00",220,3.862,340,13.62,5.383,3.621,104.3,104.4,71.11
"2006-07-10 08:30:00",221,4.317,353.3,12.97,5.289,3.499,98.1,98.2,72.48
"2006-07-10 08:35:00",222,4.187,354,15.72,4.681,3.316,102.7,102.7,77.63
"2006-07-10 08:40:00",223,2.839,20.02,26.49,4.616,3.594,101.9,101.9,74.83
"2006-07-10 08:45:00",224,2.537,128.5,22.96,3.495,3.155,97.9,97.9,82.6
"2006-07-10 08:50:00",225,1.312,170.1,13.56,1.62,3.4,102.5,102.5,82
"2006-07-10 08:55:00",226,1.117,154.7,17.51,1.444,3.689,116,116,79.57
"2006-07-10 09:00:00",227,1.013,115.7,12.96,1.238,3.883,136.6,136.6,80.4
"2006-07-10 09:05:00",228,1.141,58.92,19.67,1.343,3.733,146,146,79.57
"2006-07-10 09:10:00",229,0.633,29.4,23.13,0.98,4.317,146.3,146.3,77.62
"2006-07-10 09:15:00",230,0.254,359.4,4.174,0.791,4.896,163.6,163.6,73.79
"2006-07-10 09:20:00",231,0.56,344.9,6.47,1.039,4.599,167.3,167.3,74.91
"2006-07-10 09:25:00",232,0.455,344.2,4.494,0.637,4.548,116.3,116.3,75.15
"2006-07-10 09:30:00",233,1.164,359.9,6.788,1.803,3.4,31.32,31.32,81.4
"2006-07-10 09:35:00",234,1.693,345.7,5.577,1.973,3.178,107.1,107.1,82.1
"2006-07-10 09:40:00",235,1.197,354.8,11.41,1.738,3.422,111.5,111.5,80.7
"2006-07-10 09:45:00",236,1.336,357,24.4,1.49,3.52,121.8,121.8,76.1
"2006-07-10 09:50:00",237,2.271,342.6,7.044,2.816,3.375,181.8,181.8,75.76
"2006-07-10 09:55:00",238,1.79,343.8,8.56,2.362,3.522,253.9,253.9,73.92
"2006-07-10 10:00:00",239,1.276,343.3,11.1,1.842,4.888,410.3,410.3,67.17
"2006-07-10 10:05:00",240,2.19,330.9,3.803,2.522,3.958,260,260,72.04
"2006-07-10 10:10:00",241,2.615,329.5,3.471,3.064,3.44,233.3,233.3,74.32
"2006-07-10 10:15:00",242,2.746,327.6,2.801,3.123,3.463,220.1,220.1,74.15
"2006-07-10 10:20:00",243,2.524,331.1,5.01,2.937,3.632,260.2,260.2,74.11
"2006-07-10 10:25:00",244,2.681,331,3.861,3.08,3.558,231,231,73.98
"2006-07-10 10:30:00",245,2.773,330.6,3.717,2.999,3.509,222.4,222.4,74.05
"2006-07-10 10:35:00",246,2.098,322.4,7.072,2.901,3.655,203.3,203.3,72.92
"2006-07-10 10:40:00",247,1.745,329.7,4.645,1.855,3.753,191.4,191.4,71.93
"2006-07-10 10:45:00",248,0.902,318.1,25.02,1.565,4.047,174.7,174.7,72.44
"2006-07-10 10:50:00",249,0.184,280.8,8.59,0.647,4.534,166,166,69.71
"2006-07-10 10:55:00",250,0.164,12.3,9.84,0.513,5.011,166.5,166.5,69.58
"2006-07-10 11:00:00",251,0.533,343.4,7.796,1.339,4.536,160.9,160.9,70.36
"2006-07-10 11:05:00",252,1.272,334.5,8.68,1.643,3.949,166.9,166.9,72.51
"2006-07-10 11:10:00",253,0.28,312.7,4.807,0.65,4.534,150.7,150.7,69.07
"2006-07-10 11:15:00",254,0.778,341.7,17.03,1.46,4.412,152.8,152.8,69.65
"2006-07-10 11:20:00",255,0.394,354.1,11.56,0.764,4.631,145,145,68.76
"2006-07-10 11:25:00",256,0.69,0.278,0.044,0.826,4.583,152.7,152.7,68.79
"2006-07-10 11:30:00",257,0.751,347.3,2.19,0.882,4.534,157.7,157.7,68.72
"2006-07-10 11:35:00",258,0.678,353.4,5.524,0.872,4.68,155.4,155.4,68.08
"2006-07-10 11:40:00",259,0.527,1.656,0.125,0.575,4.827,158.8,158.8,67.26
"2006-07-10 11:45:00",260,0.299,346,18.67,0.451,4.972,166.1,166.1,66.88
"2006-07-10 11:50:00",261,0,0,0,0,5.893,164.3,164.3,63.26
"2006-07-10 11:55:00",262,0.179,309.5,5.724,0.63,5.596,179.9,179.9,63.91
"2006-07-10 12:00:00",263,0.781,342.8,5.59,1.248,4.863,180.2,180.2,68.27
"2006-07-10 12:05:00",264,0.354,1.743,11.72,0.546,5.155,183.7,183.7,67.31
"2006-07-10 12:10:00",265,0.104,356.9,5.594,0.35,5.509,189.2,189.2,65.92
"2006-07-10 12:15:00",266,0.017,353.9,0.015,0.108,6.228,213.1,213.1,62.64
"2006-07-10 12:20:00",267,0.27,353.1,1.912,0.513,5.85,190.7,190.7,64.86
"2006-07-10 12:25:00",268,0.629,345.5,3.288,0.817,5.35,208.4,208.4,67.28
"2006-07-10 12:30:00",269,0.415,338.9,0.119,0.725,5.35,195.4,195.4,66.84
"2006-07-10 12:35:00",270,0.326,339,0.042,0.431,5.448,191.6,191.6,66.63
"2006-07-10 12:40:00",271,0.298,339.6,0.282,0.503,5.471,197.1,197.1,66.56
"2006-07-10 12:45:00",272,0.131,340,0.068,0.346,5.734,203.1,203.1,64.89
"2006-07-10 12:50:00",273,0.602,338.4,3.031,0.781,5.146,204.4,204.4,67.99
"2006-07-10 12:55:00",274,0.32,334.9,0.099,0.572,5.35,218.8,218.8,68.5
"2006-07-10 13:00:00",275,0.368,336.8,2.838,0.608,5.532,226.7,226.7,69.83
"2006-07-10 13:05:00",276,0.568,352.2,2.632,0.751,5.556,272.2,272.2,71.05
"2006-07-10 13:10:00",277,0.48,352.5,0.377,0.585,5.483,224.1,224.1,72.45
"2006-07-10 13:15:00",278,0.446,350.4,3.484,0.8,5.751,269,269,70.81
"2006-07-10 13:20:00",279,0.59,355.2,5.063,0.889,5.526,249.4,249.4,72.14
"2006-07-10 13:25:00",280,0.725,344.8,8.83,0.885,5.351,255.8,255.8,72.44
"2006-07-10 13:30:00",281,0.955,332.4,3.28,1.107,5.081,263.3,263.3,73.91
"2006-07-10 13:35:00",282,0.657,335.5,3.165,0.938,5.421,265.1,265.1,71.42
"2006-07-10 13:40:00",283,0.218,339.9,0.074,0.402,6.311,263.2,263.2,67.26
"2006-07-10 13:45:00",284,0.125,352.1,6.93,0.487,6.628,259.7,259.7,65.83
"2006-07-10 13:50:00",285,0.426,354.2,4.871,0.644,6.494,300.4,300.4,65.42
"2006-07-10 13:55:00",286,0.309,341.1,7.483,0.996,6.616,278.1,278.1,63.85
"2006-07-10 14:00:00",287,1.112,328.9,2.571,1.294,5.811,415.7,415.7,67.22
"2006-07-10 14:05:00",288,1.185,336.6,2.361,1.339,5.173,288.2,288.2,70.49
"2006-07-10 14:10:00",289,1.179,337.5,4.511,1.307,5.05,280.1,280.1,70.97
"2006-07-10 14:15:00",290,1.379,342.7,2.468,1.725,4.828,268.6,268.6,72.02
"2006-07-10 14:20:00",291,1.595,343.5,4.144,1.898,4.849,274.4,274.4,71.88
"2006-07-10 14:25:00",292,1.179,335.7,3.394,1.365,4.975,252.8,252.8,70.9
"2006-07-10 14:30:00",293,0.962,333.8,5.374,1.078,5.125,249.9,249.9,70.25
"2006-07-10 14:35:00",294,0.899,349.2,5.77,1.176,5.139,235.7,235.7,70.32
"2006-07-10 14:40:00",295,0.739,347.3,26.69,0.957,5.468,231.9,231.9,68.79
"2006-07-10 14:45:00",296,0.758,359.5,1.672,0.862,5.567,226.9,226.9,68.31
"2006-07-10 14:50:00",297,1.077,353.5,6.238,1.346,5.372,259.5,259.5,69.03
"2006-07-10 14:55:00",298,1.382,338,2.576,1.555,5.177,297,297,69.78
"2006-07-10 15:00:00",299,1.438,337.3,2.153,1.718,5.177,301.9,301.9,69.64
"2006-07-10 15:05:00",300,1.497,335.8,6.168,1.722,5.128,305.3,305.3,70.05
"2006-07-10 15:10:00",301,1.719,334.3,3.292,1.993,4.982,317.1,317.1,70.67
"2006-07-10 15:15:00",302,1.498,333.4,3.582,1.725,5.421,385.8,385.8,68.45
"2006-07-10 15:20:00",303,1.447,341.3,3.208,1.692,5.468,324.2,324.2,68.35
"2006-07-10 15:25:00",304,1.67,342.1,2.386,1.852,5.957,526.9,526.9,65.89
"2006-07-10 15:30:00",305,2.004,344.1,1.439,2.303,5.371,367.8,367.8,68.76
"2006-07-10 15:35:00",306,1.764,338.9,6.606,2.205,5.858,484.9,484.9,66.13
"2006-07-10 15:40:00",307,1.427,338.8,4.494,1.708,6.225,482.4,482.4,64.09
"2006-07-10 15:45:00",308,1.003,338.8,11.83,1.248,6.311,340.4,340.4,63.54
"2006-07-10 15:50:00",309,0.875,342,3.567,1.065,6.099,241.2,241.2,65.04
"2006-07-10 15:55:00",310,0.984,338.5,6.067,1.248,6.192,318.6,318.6,64.32
"2006-07-10 16:00:00",311,1.489,327.7,3.531,1.689,6.129,448.2,448.2,64.62
"2006-07-10 16:05:00",312,1.734,329.4,2.106,1.898,5.945,440.2,440.2,65.75
"2006-07-10 16:10:00",313,1.505,333.5,3.067,1.735,6.286,421.7,421.7,64.35
"2006-07-10 16:15:00",314,1.305,342.5,4.507,1.375,6.579,400.7,400.7,63.05
"2006-07-10 16:20:00",315,1.365,346.2,2.398,1.496,6.578,397.5,397.5,62.88
"2006-07-10 16:25:00",316,1.134,340.6,2.836,1.343,6.822,383.1,383.1,61.83
"2006-07-10 16:30:00",317,0.792,335.9,1.95,1.058,7.214,368.2,368.2,59.78
"2006-07-10 16:35:00",318,0.997,334,5.034,1.166,6.091,147.9,147.9,64.55
"2006-07-10 16:40:00",319,0.783,349.3,14.97,1.022,5.457,34.03,34.03,68.13
"2006-07-10 16:45:00",320,1.069,354.3,4.25,1.235,5.922,186.5,186.5,66.29
"2006-07-10 16:50:00",321,1.354,350.6,4.609,1.519,6.164,247.5,247.5,65.03
"2006-07-10 16:55:00",322,1.062,2.879,9.15,1.287,5.798,82.4,82.4,66.77
"2006-07-10 17:00:00",323,1.157,343.8,6.305,1.31,5.654,104.7,104.7,67.18
"2006-07-10 17:05:00",324,1.449,334.7,1.796,2.012,6.217,321.4,321.4,64.39
"2006-07-10 17:10:00",325,2.071,328.4,2.244,2.27,5.027,63.42,63.42,68.96
"2006-07-10 17:15:00",326,1.809,332,3.248,2.038,4.932,37.57,37.57,69.2
"2006-07-10 17:20:00",327,1.41,335.3,3.752,1.509,5.859,217.4,217.4,64.97
"2006-07-10 17:25:00",328,1.164,340.2,2.853,1.375,5.762,93.2,93.2,65.25
"2006-07-10 17:30:00",329,0.887,357.8,12.09,1.183,6.348,124.2,124.2,62.79
"2006-07-10 17:35:00",330,1.32,10.38,8.48,1.434,6.497,171.6,171.6,62.01
"2006-07-10 17:40:00",331,1.308,345.4,4.961,1.382,6.746,250.2,250.2,60.51
"2006-07-10 17:45:00",332,1.035,356.1,6.736,1.261,7.04,210.8,210.8,58.78
"2006-07-10 17:50:00",333,0.961,353.9,3.573,1.277,6.943,162.3,162.3,58.98
"2006-07-10 17:55:00",334,0.284,353.3,1.146,0.598,7.477,129,129,56.59
"2006-07-10 18:00:00",335,1.07,348.5,2.681,1.362,6.694,146.2,146.2,59.32
"2006-07-10 18:05:00",336,1.702,346.2,3.335,1.999,6.496,212.5,212.5,60.2
"2006-07-10 18:10:00",337,1.802,344,1.978,1.989,6.69,241.9,241.9,58.84
"2006-07-10 18:15:00",338,1.973,340.8,1.895,2.189,6.494,221.8,221.8,59.66
"2006-07-10 18:20:00",339,2.09,342.5,2.72,2.404,6.592,240.4,240.4,59.31
"2006-07-10 18:25:00",340,1.496,351.9,8.38,1.78,6.787,194,194,58.7
"2006-07-10 18:30:00",341,1.543,3.025,7.843,1.712,6.348,108.4,108.4,59.89
"2006-07-10 18:35:00",342,1.646,355.6,6.689,1.95,6.214,64.36,64.36,60.68
"2006-07-10 18:40:00",343,1.391,332.1,21.54,1.712,6.543,133.5,133.5,59.21
"2006-07-10 18:45:00",344,1.249,350.4,11.23,1.624,6.652,130.8,130.8,59.21
"2006-07-10 18:50:00",345,1.383,349.8,4.221,1.571,6.494,120.6,120.6,59.31
"2006-07-10 18:55:00",346,1.231,350.5,3.888,1.61,6.299,74.81,74.81,60.06
"2006-07-10 19:00:00",347,1.129,349.8,5.478,1.441,6.274,47.31,47.31,60.44
"2006-07-10 19:05:00",348,1.011,6.219,9.6,1.388,6.811,107.6,107.6,58.29
"2006-07-10 19:10:00",349,1.262,357.8,3.044,1.457,6.348,42.31,42.31,59.49
"2006-07-10 19:15:00",350,0.824,28.19,30.93,1.199,7.03,83.7,83.7,57.61
"2006-07-10 19:20:00",351,0.349,38.26,10.03,0.709,7.177,40.45,40.45,56.72
"2006-07-10 19:25:00",352,0.569,21.83,11.23,1.111,6.909,36.91,36.91,57.71
"2006-07-10 19:30:00",353,0.932,23.84,8.8,1.153,7.128,100.8,100.8,57.2
"2006-07-10 19:35:00",354,1.006,20.97,6.108,1.215,7.03,99.6,99.6,57.78
"2006-07-10 19:40:00",355,0.94,28.38,6.643,1.098,6.994,86.5,86.5,57.61
"2006-07-10 19:45:00",356,1.168,27.7,10.58,1.82,6.738,87.3,87.3,58.91
"2006-07-10 19:50:00",357,1.844,25.5,4.249,1.986,5.616,48.29,48.29,63.88
"2006-07-10 19:55:00",358,2.123,14.4,6.849,2.398,5.323,40.55,40.55,65.08
"2006-07-10 20:00:00",359,1.762,9,6.224,2.11,5.226,-8.33,-8.33,64.43
"2006-07-10 20:05:00",360,1.608,3.657,3.145,1.764,5.323,-17.51,-17.51,63.85
"2006-07-10 20:10:00",361,1.637,360,2.308,1.78,5.957,53.65,53.65,61.43
"2006-07-10 20:15:00",362,2.805,340.7,5.015,3.319,5.363,61.24,61.24,64.19
"2006-07-10 20:20:00",363,2.669,341.5,4.423,3.156,5.381,-4.05,-4.05,64.37
"2006-07-10 20:25:00",364,1.616,345.7,29.01,1.875,5.433,-23.63,-23.63,63.99
"2006-07-10 20:30:00",365,1.642,353.3,4.44,1.846,5.289,-36.96,-36.96,64.85
"2006-07-10 20:35:00",366,1.96,344.3,2.996,2.104,5.343,-23.56,-23.56,64.51
"2006-07-10 20:40:00",367,1.747,338.3,1.959,2.032,5.372,-9.38,-9.38,64.55
"2006-07-10 20:45:00",368,1.146,343,4.538,1.673,5.446,-6.896,-6.896,64.18
"2006-07-10 20:50:00",369,0.961,5.159,6.828,1.277,5.411,-17.33,-17.33,64.25
"2006-07-10 20:55:00",370,0.593,355.7,4.305,0.944,5.399,-21.59,-21.59,64.31
"2006-07-10 21:00:00",371,0.863,333.4,4.303,1.049,5.155,-31.46,-31.46,65.64
"2006-07-10 21:05:00",372,1.067,334.9,9.53,1.205,4.99,-37.59,-37.59,66.3
"2006-07-10 21:10:00",373,1.248,341.3,2.656,1.692,4.933,-35.49,-35.49,66.4
"2006-07-10 21:15:00",374,0.971,339.1,6.712,1.248,4.959,-37.05,-37.05,66.34
"2006-07-10 21:20:00",375,0.696,354.2,7.307,0.833,5.021,-40.36,-40.36,65.89
"2006-07-10 21:25:00",376,1.029,345.8,3.429,1.656,4.875,-44.57,-44.57,66.61
"2006-07-10 21:30:00",377,1.706,336.6,2.286,2.156,4.938,-48.11,-48.11,66.34
"2006-07-10 21:35:00",378,1.464,336.5,2.914,1.617,5.029,-48.37,-48.37,66
"2006-07-10 21:40:00",379,1.391,338.4,2.074,1.561,5.081,-47.58,-47.58,66.28
"2006-07-10 21:45:00",380,1.367,344.9,4.415,1.568,4.863,-47.07,-47.07,67.51
"2006-07-10 21:50:00",381,1.468,344.7,2.031,1.65,5.083,-49.3,-49.3,66.52
"2006-07-10 21:55:00",382,1.737,346.3,2.397,1.816,5.23,-52.35,-52.35,65.67
"2006-07-10 22:00:00",383,1.742,336.8,5.621,2.084,5.047,-52.48,-52.48,66.21
"2006-07-10 22:05:00",384,1.565,331,4.657,1.754,4.548,-52.92,-52.92,68.43
"2006-07-10 22:10:00",385,1.393,322.7,15.29,1.722,4.294,-53.94,-53.94,69.32
"2006-07-10 22:15:00",386,1.168,316.4,12.44,1.659,4.163,-51.71,-51.71,70.28
"2006-07-10 22:20:00",387,1.187,318.7,6.353,1.447,4.264,-52.89,-52.89,70.04
"2006-07-10 22:25:00",388,1.241,327.9,6.56,1.702,4.217,-52.18,-52.18,70.21
"2006-07-10 22:30:00",389,1.003,333.6,5.595,1.388,4.317,-47.23,-47.23,70.01
"2006-07-10 22:35:00",390,1.126,335.1,3.41,1.535,4.441,-40.15,-40.15,69.47
"2006-07-10 22:40:00",391,1.799,330,2.69,1.973,4.445,-43.07,-43.07,69.68
"2006-07-10 22:45:00",392,1.884,338,4.66,2.074,4.556,-35.63,-35.63,69.47
"2006-07-10 22:50:00",393,1.233,348.7,6.81,1.555,4.666,-24.53,-24.53,69.03
"2006-07-10 22:55:00",394,0.992,352,4.244,1.352,4.813,-26.45,-26.45,68.45
"2006-07-10 23:00:00",395,0.716,348.4,4.278,0.856,4.913,-30.58,-30.58,67.97
"2006-07-10 23:05:00",396,1.144,339.3,2.368,1.607,4.669,-41.36,-41.36,68.72
"2006-07-10 23:10:00",397,1.784,338.4,2.332,1.973,4.621,-48.93,-48.93,68.9
"2006-07-10 23:15:00",398,1.52,344.3,3.551,1.686,4.74,-41.07,-41.07,68.31
"2006-07-10 23:20:00",399,1.357,348.5,3.26,1.604,4.777,-35.69,-35.69,68.28
"2006-07-10 23:25:00",400,1.33,346.2,1.96,1.47,4.815,-35.43,-35.43,68.14
"2006-07-10 23:30:00",401,1.073,349.7,3.01,1.284,4.813,-27.4,-27.4,68.24
"2006-07-10 23:35:00",402,0.583,357.9,2.763,0.813,4.742,-23.86,-23.86,68.55
"2006-07-10 23:40:00",403,0.063,1.153,0.081,0.294,4.666,-31.68,-31.68,68.99
"2006-07-10 23:45:00",404,0.423,328,10.97,0.764,4.239,-42.79,-42.79,71.18
"2006-07-10 23:50:00",405,0.039,298.5,15.11,0.203,3.886,-46.39,-46.39,73.4
"2006-07-10 23:55:00",406,0.475,323.8,18.9,0.967,3.911,-48.9,-48.9,73.43
"2006-07-11 00:00:00",407,1.311,338.1,2.786,1.539,3.889,-54.21,-54.21,73.57
"2006-07-11 00:05:00",408,1.32,339.6,2.533,1.552,4.036,-54.99,-54.99,72.92
"2006-07-11 00:10:00",409,1.458,343,1.738,1.571,4.183,-57.14,-57.14,71.93
"2006-07-11 00:15:00",410,1.486,340.5,1.939,1.64,4.28,-59.45,-59.45,71.05
"2006-07-11 00:20:00",411,1.471,336.8,2.472,1.839,4.085,-62.38,-62.38,71.76
"2006-07-11 00:25:00",412,1.691,336.3,2.886,1.852,4.036,-64.79,-64.79,71.83
"2006-07-11 00:30:00",413,1.127,349.2,8.56,1.839,4.134,-60.15,-60.15,71.66
"2006-07-11 00:35:00",414,0.846,17.4,10.74,1.15,3.987,-54.63,-54.63,71.86
"2006-07-11 00:40:00",415,1.654,14.06,6.908,2.051,3.646,-55.27,-55.27,73.4
"2006-07-11 00:45:00",416,1.271,3.839,4.376,1.431,3.916,-57.89,-57.89,72.65
"2006-07-11 00:50:00",417,0.987,352.6,7.023,1.192,4.077,-59.27,-59.27,72.28
"2006-07-11 00:55:00",418,1.227,340.6,4.305,1.519,4.043,-62.76,-62.76,72.21
"2006-07-11 01:00:00",419,1.739,333.9,3.737,1.996,3.948,-67.13,-67.13,72.97
"2006-07-11 01:05:00",420,1.638,342.3,3.942,1.757,4.048,-65.39,-65.39,72.35
"2006-07-11 01:10:00",421,1.171,348.6,2.44,1.388,4.049,-60.59,-60.59,72.29
"2006-07-11 01:15:00",422,0.747,354,5.915,1.091,3.951,-56.95,-56.95,73.04
"2006-07-11 01:20:00",423,0.775,357.4,4.888,1.241,3.854,-56.74,-56.74,73.31
"2006-07-11 01:25:00",424,1.336,342.1,5.916,1.529,3.756,-62.16,-62.16,74.03
"2006-07-11 01:30:00",425,1.678,331.3,6.525,2.035,3.268,-65.03,-65.03,77.24
"2006-07-11 01:35:00",426,1.886,322,3.173,2.084,3.415,-65.86,-65.86,78.12
"2006-07-11 01:40:00",427,1.351,321.9,6.302,1.875,3.353,-62.83,-62.83,78.84
"2006-07-11 01:45:00",428,1.248,322.2,13.03,1.359,3.463,-63.6,-63.6,79.08
"2006-07-11 01:50:00",429,1.06,336.3,5.788,1.352,3.488,-61.11,-61.11,78.77
"2006-07-11 01:55:00",430,0.978,330.5,6.715,1.264,3.512,-60.55,-60.55,78.6
"2006-07-11 02:00:00",431,0.83,337.4,4.443,1.14,3.512,-59.09,-59.09,78.91
"2006-07-11 02:05:00",432,0.238,305.2,6.846,0.823,3.122,-57.81,-57.81,79.01
"2006-07-11 02:10:00",433,0.16,329.4,2.373,0.301,3.024,-54.85,-54.85,80
"2006-07-11 02:15:00",434,0.367,354.8,12.61,0.686,3.013,-54.39,-54.39,80.4
"2006-07-11 02:20:00",435,0.341,1.709,4.664,0.542,3.024,-55.26,-55.26,80.8
"2006-07-11 02:25:00",436,0.91,340.6,6.248,1.676,3.024,-59.29,-59.29,81.5
"2006-07-11 02:30:00",437,1.071,344.6,6.325,1.385,3.073,-60.45,-60.45,80
"2006-07-11 02:35:00",438,1.115,342.1,6.211,1.303,3.075,-61.14,-61.14,80.3
"2006-07-11 02:40:00",439,1.033,333.1,5.143,1.3,3.03,-62.04,-62.04,82.2
"2006-07-11 02:45:00",440,1.02,345.3,5.143,1.189,3.081,-60.37,-60.37,83.3
"2006-07-11 02:50:00",441,1.299,337.2,4.707,1.545,3.035,-63.04,-63.04,83.6
"2006-07-11 02:55:00",442,1.343,327.8,6.482,1.643,2.987,-63.5,-63.5,83.5
"2006-07-11 03:00:00",443,1.651,329,5.331,1.967,2.986,-66.25,-66.25,84
"2006-07-11 03:05:00",444,1.703,334.8,3.048,1.937,3.084,-66.35,-66.35,83.5
"2006-07-11 03:10:00",445,1.929,337.2,2.165,2.074,2.913,-66.56,-66.56,84.3
"2006-07-11 03:15:00",446,2.009,335.7,6.148,2.153,2.987,-67.17,-67.17,85
"2006-07-11 03:20:00",447,1.84,339.1,2.717,2.038,3.085,-65.87,-65.87,82.6
"2006-07-11 03:25:00",448,1.865,339.9,1.931,2.038,3.11,-65.69,-65.69,82.9
"2006-07-11 03:30:00",449,1.534,339.8,2.725,1.891,3.281,-64.76,-64.76,83.2
"2006-07-11 03:35:00",450,1.132,344.4,2.235,1.294,3.232,-60.89,-60.89,83.3
"2006-07-11 03:40:00",451,1.219,341.1,2.106,1.379,3.208,-62.2,-62.2,84.1
"2006-07-11 03:45:00",452,1.122,345.2,3.912,1.343,3.134,-60.99,-60.99,84.7
"2006-07-11 03:50:00",453,1.133,347.3,3.379,1.303,3.183,-61.27,-61.27,85
"2006-07-11 03:55:00",454,1.119,341.2,1.846,1.225,3.134,-61.17,-61.17,85.1
"2006-07-11 04:00:00",455,1.278,338.7,2.955,1.591,3.012,-62.53,-62.53,85.1
"2006-07-11 04:05:00",456,1.557,339.1,2.024,1.695,3.037,-65.63,-65.63,85.5
"2006-07-11 04:10:00",457,1.429,345.7,2.837,1.535,3.183,-63.79,-63.79,85.4
"2006-07-11 04:15:00",458,1.327,346.8,0.799,1.48,3.232,-62.68,-62.68,85.1
"2006-07-11 04:20:00",459,1.297,342.5,3.303,1.477,3.084,-62.53,-62.53,84.5
"2006-07-11 04:25:00",460,0.973,339.6,3.606,1.232,2.987,-60.76,-60.76,84.6
"2006-07-11 04:30:00",461,0.96,345.1,5.91,1.114,2.939,-59.22,-59.22,83.6
"2006-07-11 04:35:00",462,1.55,6.819,4.325,1.963,2.646,-57.16,-57.16,85.5
"2006-07-11 04:40:00",463,0.999,344.2,12.13,1.225,2.719,-59.19,-59.19,84.5
"2006-07-11 04:45:00",464,1.365,326.1,8.08,2.006,2.622,-62.43,-62.43,84.1
"2006-07-11 04:50:00",465,2.003,332.4,3.188,2.293,2.695,-69.77,-69.77,85.5
"2006-07-11 04:55:00",466,2.104,336.5,1.454,2.326,2.939,-70.13,-70.13,84.8
"2006-07-11 05:00:00",467,1.768,340.3,4.595,2.022,3.134,-65.69,-65.69,82.8
"2006-07-11 05:05:00",468,1.011,349.7,3.667,1.509,3.171,-59.09,-59.09,82.2
"2006-07-11 05:10:00",469,0.054,341,8.56,0.193,2.988,-55.01,-55.01,81.7
"2006-07-11 05:15:00",470,0.252,314.4,16.34,0.555,2.695,-56.52,-56.52,83.5
"2006-07-11 05:20:00",471,0.71,311.5,6.639,1.062,2.353,-57.19,-57.19,85.5
"2006-07-11 05:25:00",472,0.923,318.3,7.837,1.261,2.353,-59.86,-59.86,86.8
"2006-07-11 05:30:00",473,1.192,332,5.827,1.604,2.231,-59.3,-59.3,86.7
"2006-07-11 05:35:00",474,1.092,341,3.89,1.349,2.402,-59.45,-59.45,86.3
"2006-07-11 05:40:00",475,1.502,331.5,5.265,1.725,2.342,-61.23,-61.23,86.1
"2006-07-11 05:45:00",476,1.75,332.4,6.922,2.123,2.306,-63.05,-63.05,87
"2006-07-11 05:50:00",477,1.466,338.7,5.719,2.094,2.549,-61.1,-61.1,86.3
"2006-07-11 05:55:00",478,0.959,346.5,5.245,1.248,2.647,-57.07,-57.07,86.6
"2006-07-11 06:00:00",479,0.366,347.8,1.699,0.624,2.685,-53.45,-53.45,86.2
"2006-07-11 06:05:00",480,0.997,330.8,2.972,1.444,2.452,-56.61,-56.61,85.8
"2006-07-11 06:10:00",481,1.508,331.8,3.574,1.617,2.406,-60.85,-60.85,86.8
"2006-07-11 06:15:00",482,1.457,336.5,2.277,1.578,2.555,-59.87,-59.87,86.1
"2006-07-11 06:20:00",483,1.456,338.1,3.792,1.715,2.604,-58.25,-58.25,85.8
"2006-07-11 06:25:00",484,1.698,336.5,2.311,1.976,2.602,-60.33,-60.33,86.5
"2006-07-11 06:30:00",485,1.046,341.1,7.72,1.444,2.649,-55.53,-55.53,85.8
"2006-07-11 06:35:00",486,0.305,347.1,2.453,0.389,2.602,-51.47,-51.47,85.7
"2006-07-11 06:40:00",487,0.033,325.5,9.75,0.196,2.552,-50.37,-50.37,86.1
"2006-07-11 06:45:00",488,0.907,340.7,1.382,1.352,2.38,-52.32,-52.32,85.9
"2006-07-11 06:50:00",489,1.527,331,2.721,1.617,2.404,-57.23,-57.23,85.2
"2006-07-11 06:55:00",490,1.418,331.7,2.766,1.568,2.408,-56.58,-56.58,85.6
"2006-07-11 07:00:00",491,1.718,337.9,2.701,2.071,2.334,-56.84,-56.84,85.6
"2006-07-11 07:05:00",492,1.534,339.9,5.098,1.895,2.456,-55.86,-55.86,85.1
"2006-07-11 07:10:00",493,1.382,350.2,2.685,1.506,2.579,-53.17,-53.17,84.4
"2006-07-11 07:15:00",494,1.09,357.3,2.843,1.388,2.652,-51.4,-51.4,84.7
"2006-07-11 07:20:00",495,1.086,347.8,4.993,1.235,2.653,-51.89,-51.89,84.5
"2006-07-11 07:25:00",496,1.461,342.5,1.725,1.708,2.626,-53.43,-53.43,83.4
"2006-07-11 07:30:00",497,1.774,345.6,1.419,1.934,2.601,-54.02,-54.02,83.4
"2006-07-11 07:35:00",498,1.712,343,2.154,1.96,2.648,-54.12,-54.12,82.9
"2006-07-11 07:40:00",499,2.09,336.4,2.339,2.365,2.793,-56.17,-56.17,82.6
"2006-07-11 07:45:00",500,1.892,341.2,4.21,2.14,2.878,-51.11,-51.11,82
"2006-07-11 07:50:00",501,1.85,342.2,3.796,1.963,3.257,44.44,44.44,79.84
"2006-07-11 07:55:00",502,1.922,343.9,4.031,2.084,3.476,57.96,57.96,76.57
"2006-07-11 08:00:00",503,2.098,339.6,6.421,2.408,3.573,68.56,68.56,75.78
"2006-07-11 08:05:00",504,1.006,338,7.077,1.179,4.082,64.17,64.17,73.32
"2006-07-11 08:10:00",505,0.693,333.1,4.059,0.889,4.346,66.97,66.97,72.36
"2006-07-11 08:15:00",506,0.75,331.7,2.222,0.856,4.49,73.11,73.11,72.42
"2006-07-11 08:20:00",507,0.513,331.1,1.436,0.735,4.782,74.49,74.49,71.81
"2006-07-11 08:25:00",508,0.207,332.1,0.097,0.474,5.194,74.02,74.02,70.41
"2006-07-11 08:30:00",509,0,0,0,0,6.14,76.02,76.02,66.51
"2006-07-11 08:35:00",510,0.173,329,3.881,0.506,5.648,82.3,82.3,67.02
"2006-07-11 08:40:00",511,0.196,344.1,11.44,0.562,5.451,85,85,68.14
"2006-07-11 08:45:00",512,0.979,12.72,2.558,1.228,4.766,87.2,87.2,71.45
"2006-07-11 08:50:00",513,0.909,348.2,15.11,1.081,4.614,106.8,106.8,71.52
"2006-07-11 08:55:00",514,0.829,329.1,8.51,1.29,4.605,111.2,111.2,71.24
"2006-07-11 09:00:00",515,1.568,334.3,2.575,1.862,4.356,134.3,134.3,71.78
"2006-07-11 09:05:00",516,1.538,337,5.976,1.722,4.549,134.4,134.4,70.34
"2006-07-11 09:10:00",517,1.361,346,5.98,1.722,4.84,134.4,134.4,68.6
"2006-07-11 09:15:00",518,0.845,350.7,3.427,1.127,5.377,129.7,129.7,66.83
"2006-07-11 09:20:00",519,1.417,3.772,9.98,1.869,4.909,132.6,132.6,69.72
"2006-07-11 09:25:00",520,1.067,339.1,16.13,1.624,5.172,148,148,68.45
"2006-07-11 09:30:00",521,0.42,308.5,36.68,0.813,6.011,148.6,148.6,64.87
"2006-07-11 09:35:00",522,0.013,334.6,0,0.134,7.17,153.1,153.1,60.06
"2006-07-11 09:40:00",523,0.157,186.2,21.25,0.428,7.12,163.6,163.6,61.66
"2006-07-11 09:45:00",524,0.15,4.16,6.155,0.32,6.972,149.6,149.6,61.49
"2006-07-11 09:50:00",525,0.08,0.097,0,0.317,6.771,146.9,146.9,61.04
"2006-07-11 09:55:00",526,0.12,304.2,0.529,0.47,6.73,171.4,171.4,62.03
"2006-07-11 10:00:00",527,0,0,0,0,7.742,160.5,160.5,57.84
"2006-07-11 10:05:00",528,0.014,347.3,0.006,0.131,7.009,158.4,158.4,61.62
"2006-07-11 10:10:00",529,0.315,347.9,0.097,0.49,6.37,178.6,178.6,65.03
"2006-07-11 10:15:00",530,0.799,346.2,3.375,0.918,5.487,193,193,68.77
"2006-07-11 10:20:00",531,1.048,354.5,0.063,1.13,5.094,196.1,196.1,69.83
"2006-07-11 10:25:00",532,1.05,354.6,0,1.143,5.103,201.8,201.8,68.56
"2006-07-11 10:30:00",533,0.754,357.9,2.702,0.96,5.476,206.6,206.6,67.16
"2006-07-11 10:35:00",534,0.381,348,14.19,0.588,6.009,206.2,206.2,64.02
"2006-07-11 10:40:00",535,0.72,339.3,3.6,1.075,5.812,223.7,223.7,64.8
"2006-07-11 10:45:00",536,1.303,340.5,2.444,1.388,5.568,250.2,250.2,66.17
"2006-07-11 10:50:00",537,1.621,344,1.751,1.895,5.445,264.3,264.3,67.7
"2006-07-11 10:55:00",538,1.796,345.8,2.048,1.898,5.47,272.1,272.1,67.91
"2006-07-11 11:00:00",539,1.893,347.2,2.217,2.185,5.421,280.6,280.6,68.42
"2006-07-11 11:05:00",540,2.255,342.9,2.765,2.352,5.226,296.7,296.7,68.52
"2006-07-11 11:10:00",541,2.213,339.1,2.507,2.594,5.031,308.8,308.8,69.06
"2006-07-11 11:15:00",542,1.958,334.5,3.045,2.372,5.128,305.9,305.9,68.79
"2006-07-11 11:20:00",543,0.835,330.6,2.44,1.218,6.055,275.9,275.9,64.67
"2006-07-11 11:25:00",544,0.027,239.7,42.66,0.271,8.1,278.7,278.7,56.86
"2006-07-11 11:30:00",545,0.435,149.5,9.3,0.98,7.616,286.3,286.3,60.41
"2006-07-11 11:35:00",546,0.023,153.2,0,0.229,8.98,296.5,296.5,53.79
"2006-07-11 11:40:00",547,0.653,347.9,5.188,0.898,6.981,295.4,295.4,62.52
"2006-07-11 11:45:00",548,1.076,345.5,3.116,1.202,5.903,326.8,326.8,68.45
"2006-07-11 11:50:00",549,1.147,336.3,0.652,1.303,5.705,342.6,342.6,69.26
"2006-07-11 11:55:00",550,1.1,347.1,5.675,1.254,5.824,371.9,371.9,68.68
"2006-07-11 12:00:00",551,1.287,350.5,2.338,1.558,5.92,365.4,365.4,68.37
"2006-07-11 12:05:00",552,1.184,347.8,2.109,1.362,6.042,356.2,356.2,67.96
"2006-07-11 12:10:00",553,0.779,329.9,31.38,1.16,6.334,339.7,339.7,65.24
"2006-07-11 12:15:00",554,0.936,301.5,8.26,1.235,6.237,345.7,345.7,66.05
"2006-07-11 12:20:00",555,0.956,311.6,17.74,1.323,6.432,343.8,343.8,64.45
"2006-07-11 12:25:00",556,0.594,280.4,72.42,1.166,7.188,337.1,337.1,59.78
"2006-07-11 12:30:00",557,0.459,183.4,22.35,1.176,7.784,341.3,341.3,56.37
"2006-07-11 12:35:00",558,0.469,202.5,84.7,0.813,7.65,337.6,337.6,60.57
"2006-07-11 12:40:00",559,0.159,199.4,4.861,0.679,8.44,348.7,348.7,56.54
"2006-07-11 12:45:00",560,0.752,24.77,20.39,1.424,7.404,343.8,343.8,60.56
"2006-07-11 12:50:00",561,1.106,129.1,41.61,2.329,6.765,345.6,345.6,65.06
"2006-07-11 12:55:00",562,0.435,91.3,21.6,0.755,7.469,340.9,340.9,63.42
"2006-07-11 13:00:00",563,0.158,273.8,72.94,0.343,7.74,361.8,361.8,58.62
"2006-07-11 13:05:00",564,0.397,332,22.33,0.735,7.692,350.5,350.5,56.27
"2006-07-11 13:10:00",565,1.152,350.1,7.982,1.571,6.897,369.4,369.4,57.29
"2006-07-11 13:15:00",566,1.071,332.6,31.59,1.748,6.591,362.2,362.2,56.98
"2006-07-11 13:20:00",567,1.25,309.7,13.76,1.806,6.017,371.4,371.4,58.61
"2006-07-11 13:25:00",568,1.224,285.5,14.53,2.381,6.272,357.8,357.8,55.61
"2006-07-11 13:30:00",569,1.237,315.9,10.04,1.588,6.42,381.7,381.7,55.1
"2006-07-11 13:35:00",570,1.386,311.4,8.67,1.643,5.884,381.7,381.7,56.67
"2006-07-11 13:40:00",571,0.347,285,15.26,1.323,7.25,373.9,373.9,56.81
"2006-07-11 13:45:00",572,0.001,327.3,0,0.01,9.09,366.8,366.8,51.02
"2006-07-11 14:20:00",573,0.694,8.95,31.7,1.173,6.369,369.8,369.8,58.41
"2006-07-11 14:25:00",574,0.377,146.7,90.6,0.983,7.428,375.3,375.3,55.89
"2006-07-11 14:30:00",575,0.229,134.2,61.63,0.712,8.12,384.4,384.4,49.99
"2006-07-11 14:35:00",576,0.289,289.8,31.56,0.549,7.857,379.3,379.3,50.56
"2006-07-11 14:40:00",577,0.727,20.91,15.33,1.107,7.185,365.6,365.6,54
"2006-07-11 14:45:00",578,0.89,352.5,28.08,1.215,6.844,366.7,366.7,54.31
"2006-07-11 14:50:00",579,1.362,293.5,5.819,1.748,6.065,410.3,410.3,55.64
"2006-07-11 14:55:00",580,1.735,289.6,9.39,2.002,5.577,401.3,401.3,58.54
"2006-07-11 15:00:00",581,1.09,310.8,15.94,1.493,6.301,386.9,386.9,52.34
"2006-07-11 15:05:00",582,0.607,244,35.79,1.728,6.559,380,380,57.86
"2006-07-11 15:10:00",583,0.016,208,16.36,0.121,8.51,381.4,381.4,53.16
"2006-07-11 15:15:00",584,1.032,324.3,6.058,1.45,6.465,410.5,410.5,58.51
"2006-07-11 15:20:00",585,1.668,316.8,6.186,1.846,5.881,428,428,58.14
"2006-07-11 15:25:00",586,0.697,328.9,20.98,1.483,6.808,382.2,382.2,55.85
"2006-07-11 15:30:00",587,0,0,0,0,8.76,373.2,373.2,49.04
"2006-07-11 15:35:00",588,0,0,0,0,9.1,345.8,345.8,46.17
"2006-07-11 15:40:00",589,0.216,113.7,26.22,0.644,8.76,361.9,361.9,50.91
"2006-07-11 15:45:00",590,0.059,24.8,15.89,0.235,8.76,367.2,367.2,50.09
"2006-07-11 15:50:00",591,0.904,28.37,8.39,1.274,7.247,346,346,56.3
"2006-07-11 15:55:00",592,0.875,9.3,7.208,1.316,6.954,351.3,351.3,56.81
"2006-07-11 16:00:00",593,0.704,20.48,4.642,1.209,7.101,346.5,346.5,56.36
"2006-07-11 16:05:00",594,1.266,9.05,6.078,1.539,6.564,354.5,354.5,57.45
"2006-07-11 16:10:00",595,1.348,1.002,1.27,1.682,6.566,361.9,361.9,57.22
"2006-07-11 16:15:00",596,1.418,13.56,4.815,1.656,6.374,339.2,339.2,57.49
"2006-07-11 16:20:00",597,1.717,11.65,3.316,1.816,6.326,340.4,340.4,56.74
"2006-07-11 16:25:00",598,1.402,0.691,5.589,1.669,6.575,353.8,353.8,53.85
"2006-07-11 16:30:00",599,0.83,1.319,11.01,1.049,7.161,347.2,347.2,51.7
"2006-07-11 16:35:00",600,1.051,341.8,5.095,1.343,7.065,360.7,360.7,50.95
"2006-07-11 16:40:00",601,0.844,346.7,6.33,0.951,7.212,345.2,345.2,50.1
"2006-07-11 16:45:00",602,0.451,352.6,3.417,0.853,7.699,326.3,326.3,48.09
"2006-07-11 16:50:00",603,0.034,310.9,9.69,0.16,8.97,325.7,325.7,44.68
"2006-07-11 16:55:00",604,0.046,44.63,13.43,0.196,9.6,326.8,326.8,45.19
"2006-07-11 17:00:00",605,0.653,3.019,3.375,0.951,7.943,325.4,325.4,50.34
"2006-07-11 17:05:00",606,1.244,355.8,2.579,1.372,6.932,343.8,343.8,53.07
"2006-07-11 17:10:00",607,1.288,2.852,3.887,1.477,6.871,324,324,52.08
"2006-07-11 17:15:00",608,1.223,337,10.34,1.454,6.736,342.5,342.5,51.74
"2006-07-11 17:20:00",609,1.143,334.4,10.44,1.539,6.773,335.9,335.9,51.3
"2006-07-11 17:25:00",610,0.615,325.2,39.19,1.081,7.457,310.7,310.7,47.75
"2006-07-11 17:30:00",611,0.331,168,4.68,0.686,8.72,311.9,311.9,45.16
"2006-07-11 17:35:00",612,0.244,350,74.72,0.546,8.87,295.5,295.5,45.43
"2006-07-11 17:40:00",613,0.354,339.6,17.31,0.539,8.28,296.4,296.4,47.1
"2006-07-11 17:45:00",614,0.757,337.7,4.62,1.026,7.456,298.6,298.6,50.34
"2006-07-11 17:50:00",615,1.142,342.7,4.09,1.584,6.749,305.2,305.2,53.65
"2006-07-11 17:55:00",616,1.191,343.4,4.593,1.656,6.639,299.8,299.8,53.24
"2006-07-11 18:00:00",617,0.879,358.2,10.71,1.251,6.919,279.6,279.6,52.97
"2006-07-11 18:05:00",618,1.123,343.7,8.53,1.372,6.871,288.5,288.5,52.79
"2006-07-11 18:10:00",619,0.895,0.679,10.28,1.078,7.163,270.2,270.2,52.22
"2006-07-11 18:15:00",620,0.969,6.635,3.698,1.215,7.139,265.2,265.2,52.35
"2006-07-11 18:20:00",621,0.879,27.64,11.56,1.274,7.358,247.5,247.5,51.84
"2006-07-11 18:25:00",622,0.209,51.31,14.7,0.51,8.48,259,259,48.4
"2006-07-11 18:30:00",623,0.428,43.54,14.15,0.934,8.43,241.3,241.3,49.05
"2006-07-11 18:35:00",624,0.752,24.07,11.21,1,7.553,232.9,232.9,51.7
"2006-07-11 18:40:00",625,1.313,22.63,9.23,1.571,6.712,225.9,225.9,54.94
"2006-07-11 18:45:00",626,1.379,4.112,3.707,1.614,6.468,234,234,55.15
"2006-07-11 18:50:00",627,1.522,13.85,3.975,1.676,6.359,222.4,222.4,56.07
"2006-07-11 18:55:00",628,1.405,11.04,5.064,1.519,6.48,215.3,215.3,54.91
"2006-07-11 19:00:00",629,1.173,4.035,5.919,1.369,6.627,219.2,219.2,54.26
"2006-07-11 19:05:00",630,1.172,351.2,5.302,1.251,6.773,223.7,223.7,53.61
"2006-07-11 19:10:00",631,0.579,6.315,13.95,1.081,7.407,199.7,199.7,53.24
"2006-07-11 19:15:00",632,0.376,28.68,13.61,0.568,7.48,188.3,188.3,51.91
"2006-07-11 19:20:00",633,0.699,5.072,6.211,0.902,7.175,189.7,189.7,52.15
"2006-07-11 19:25:00",634,1.021,30.12,8.12,1.441,6.895,175.4,175.4,54.02
"2006-07-11 19:30:00",635,1.06,16.49,7.253,1.369,6.627,167.9,167.9,53.89
"2006-07-11 19:35:00",636,1.356,14.25,9.47,1.699,6.334,169.3,169.3,55.08
"2006-07-11 19:40:00",637,1.551,6.93,8.23,1.767,6.188,167.9,167.9,55.01
"2006-07-11 19:45:00",638,1.489,359.3,2.972,1.682,6.334,172.8,172.8,53.95
"2006-07-11 19:50:00",639,1.279,7.069,4.002,1.46,6.444,155.4,155.4,53.72
"2006-07-11 19:55:00",640,1.673,348.4,5.469,1.921,6.284,171.4,171.4,54.02
"2006-07-11 20:00:00",641,1.805,338.6,3.003,2.045,6.285,170.9,170.9,52.86
"2006-07-11 20:05:00",642,1.287,345.1,6.645,1.712,6.236,147.2,147.2,52.86
"2006-07-11 20:10:00",643,0.776,351.6,21.51,0.951,6.383,130.8,130.8,52.62
"2006-07-11 20:15:00",644,1.008,319,27.05,1.918,5.798,130.9,130.9,54.7
"2006-07-11 20:20:00",645,1.054,284.6,17.33,1.656,5.822,108.9,108.9,51.81
"2006-07-11 20:25:00",646,0.381,290.4,17.13,0.875,5.359,-33.08,-33.08,53.37
"2006-07-11 20:30:00",647,0.293,333,13.9,0.921,5.066,-54.38,-54.38,56.17
"2006-07-11 20:35:00",648,1.292,332,5.881,1.901,4.822,-53.68,-53.68,58.49
"2006-07-11 20:40:00",649,1.437,335.4,3.317,1.82,4.977,-54.71,-54.71,57.23
"2006-07-11 20:45:00",650,1.196,336.8,4.122,1.578,4.931,-53.59,-53.59,56.45
"2006-07-11 20:50:00",651,1.374,336.5,7.118,1.568,4.888,-54.13,-54.13,57.68
"2006-07-11 20:55:00",652,1.423,333.6,5.039,1.578,4.747,-50.52,-50.52,56.97
"2006-07-11 21:00:00",653,1.614,329.8,8.18,1.878,4.855,-56.08,-56.08,56.87
"2006-07-11 21:05:00",654,1.819,323.1,9.65,2.179,4.42,-55.91,-55.91,58.65
"2006-07-11 21:10:00",655,2.363,317.9,7.798,2.633,4.471,-56.84,-56.84,59.61
"2006-07-11 21:15:00",656,2.05,329.4,14.14,2.414,4.301,-53.56,-53.56,59.37
"2006-07-11 21:20:00",657,2.066,322.4,5.965,2.296,4.113,-52.28,-52.28,61.73
"2006-07-11 21:25:00",658,2.134,322.8,6.701,2.375,4.19,-55.36,-55.36,60.67
"2006-07-11 21:30:00",659,2.024,328.4,5.501,2.238,4.29,-57.29,-57.29,60.85
"2006-07-11 21:35:00",660,2.093,325.7,3.825,2.3,4.316,-58.67,-58.67,60.75
"2006-07-11 21:40:00",661,1.792,319.3,9.95,1.95,4.445,-59.58,-59.58,60.41
"2006-07-11 21:45:00",662,1.582,319.9,10.47,2.071,4.301,-59.02,-59.02,60.65
"2006-07-11 21:50:00",663,1.93,318,15.02,2.342,4.229,-62.2,-62.2,61.54
"2006-07-11 21:55:00",664,1.779,329.8,4.848,2.159,4.449,-64.28,-64.28,60.38
"2006-07-11 22:00:00",665,1.66,329.4,4.566,1.97,4.449,-63.31,-63.31,60.48
"2006-07-11 22:05:00",666,1.47,326.9,5.786,1.904,4.526,-62.15,-62.15,60.01
"2006-07-11 22:10:00",667,1.383,330.7,4.504,1.751,4.556,-62.05,-62.05,59.36
"2006-07-11 22:15:00",668,1.749,331.1,3.481,2.048,4.851,-66.85,-66.85,58.1
"2006-07-11 22:20:00",669,1.856,330.3,4.704,2.038,4.742,-66.21,-66.21,58.61
"2006-07-11 22:25:00",670,1.966,331.9,4.447,2.198,4.659,-66.73,-66.73,58.68
"2006-07-11 22:30:00",671,1.536,331.4,6.816,1.999,4.723,-64.85,-64.85,58.69
"2006-07-11 22:35:00",672,1.305,334,5.892,1.712,4.845,-62.27,-62.27,58
"2006-07-11 22:40:00",673,1.578,335.1,7.674,1.953,4.74,-63.39,-63.39,58.62
"2006-07-11 22:45:00",674,1.674,334.5,6.297,2.051,4.642,-64.55,-64.55,59.34
"2006-07-11 22:50:00",675,1.562,336.5,10.59,2.058,4.471,-62.91,-62.91,60.09
"2006-07-11 22:55:00",676,1.726,333.5,4.547,2.163,4.275,-66.09,-66.09,60.87
"2006-07-11 23:00:00",677,2.036,331.8,2.184,2.532,4.165,-68.91,-68.91,61.49
"2006-07-11 23:05:00",678,2.012,334.8,5.95,2.45,4.082,-68.53,-68.53,62
"2006-07-11 23:10:00",679,1.529,332.7,8.51,1.927,4.181,-66.04,-66.04,61.76
"2006-07-11 23:15:00",680,1.203,337.8,4.903,1.48,4.45,-62.22,-62.22,60.16
"2006-07-11 23:20:00",681,0.902,349.6,8.12,1.539,4.439,-59.48,-59.48,60.3
"2006-07-11 23:25:00",682,1.331,339.7,3.127,1.669,4.329,-64.35,-64.35,61.63
"2006-07-11 23:30:00",683,2.145,333.5,5.607,2.414,4.036,-71.62,-71.62,62.75
"2006-07-11 23:35:00",684,1.99,333.1,4.696,2.345,4.28,-73.05,-73.05,61.66
"2006-07-11 23:40:00",685,2.052,334,2.493,2.31,4.232,-72.08,-72.08,62.41
"2006-07-11 23:45:00",686,1.521,335.8,10.07,1.934,4.134,-65.33,-65.33,63.03
"2006-07-11 23:50:00",687,1.543,338.3,6.045,1.761,4.28,-66.79,-66.79,61.97
"2006-07-11 23:55:00",688,1.721,334.1,9.81,2.002,4.524,-70.64,-70.64,61.12
"2006-07-12 00:00:00",689,1.624,326.3,6.412,2.048,4.268,-69.46,-69.46,61.93
"2006-07-12 00:05:00",690,1.469,328.9,5.785,1.908,4.28,-68.18,-68.18,62
"2006-07-12 00:10:00",691,2.032,323.5,8.77,2.528,3.987,-71.75,-71.75,63.64
"2006-07-12 00:15:00",692,2.271,330,5.376,2.626,4.185,-75.47,-75.47,62.99
"2006-07-12 00:20:00",693,2.577,336.5,4.978,3.544,4.038,-72.47,-72.47,61.7
"2006-07-12 00:25:00",694,2.482,336.2,4.802,3.358,4.481,-76.8,-76.8,60.33
"2006-07-12 00:30:00",695,2.22,337.8,1.977,3.041,4.192,-68.49,-68.49,62.28
"2006-07-12 00:35:00",696,2.431,322.7,4.876,2.78,3.945,-73.75,-73.75,63.27
"2006-07-12 00:40:00",697,2.793,328.3,4.499,2.94,3.703,-75.39,-75.39,64.71
"2006-07-12 00:45:00",698,2.613,336.3,2.823,2.966,3.898,-76.78,-76.78,63.82
"2006-07-12 00:50:00",699,2.496,333.2,4.103,2.741,3.851,-75.04,-75.04,63.99
"2006-07-12 00:55:00",700,2.436,326.4,5.429,2.604,3.803,-74.81,-74.81,64.61
"2006-07-12 01:00:00",701,2.28,325.1,6.566,2.522,4.049,-74.3,-74.3,63.55
"2006-07-12 01:05:00",702,1.981,338,5.92,2.195,4.293,-71.73,-71.73,62.08
"2006-07-12 01:10:00",703,1.68,342.6,3.159,1.999,4.586,-68.6,-68.6,60.41
"2006-07-12 01:15:00",704,1.586,344.7,3.834,1.839,4.635,-67.27,-67.27,59.69
"2006-07-12 01:20:00",705,1.873,335.2,7.106,2.306,4.245,-68.27,-68.27,61.33
"2006-07-12 01:25:00",706,2.275,331.9,7.811,2.718,4.001,-71.37,-71.37,62.29
"2006-07-12 01:30:00",707,2.488,334.9,2.637,2.813,4.366,-76.71,-76.71,59.97
"2006-07-12 01:35:00",708,2.546,341.5,3.087,3.293,4.44,-71.14,-71.14,61.26
"2006-07-12 01:40:00",709,1.989,352.3,12.41,3.283,4.538,-65.96,-65.96,59.01
"2006-07-12 01:45:00",710,1.674,7.108,4.913,2.316,4.489,-57.92,-57.92,57.75
"2006-07-12 01:50:00",711,2.402,350.7,4.811,3.244,4.489,-68.4,-68.4,59.45
"2006-07-12 01:55:00",712,1.892,347.1,9.44,2.332,4.635,-67.6,-67.6,59.56
"2006-07-12 02:00:00",713,2.274,2.645,7.933,3.192,4.733,-60.85,-60.85,57.06
"2006-07-12 02:05:00",714,2.065,3.983,6.296,2.96,4.587,-59.98,-59.98,59.56
"2006-07-12 02:10:00",715,2.746,349.8,9.64,3.263,4.684,-69.06,-69.06,58.91
"2006-07-12 02:15:00",716,3.285,343.7,5.85,3.838,4.098,-73.61,-73.61,59.35
"2006-07-12 02:20:00",717,3.213,343.6,4.111,3.45,4.001,-74.17,-74.17,59.93
"2006-07-12 02:25:00",718,4.181,337.1,2.271,4.724,3.659,-78.4,-78.4,63.62
"2006-07-12 02:30:00",719,4.31,333.3,2.938,4.544,4,-85.7,-85.7,61.47
"2006-07-12 02:35:00",720,4.344,334.9,3.882,4.903,3.927,-81.6,-81.6,58.63
"2006-07-12 02:40:00",721,3.655,337.6,5.002,3.92,4.293,-79.53,-79.53,58.12
"2006-07-12 02:45:00",722,2.538,347,5.95,3.427,4.391,-72.22,-72.22,54.54
"2006-07-12 02:50:00",723,2.727,338.3,2.825,3.031,4.196,-73.76,-73.76,54.98
"2006-07-12 02:55:00",724,1.366,343.3,7.397,2.002,4.269,-67.6,-67.6,54.68
"2006-07-12 03:00:00",725,1.245,341.4,17.9,2.702,4.086,-64.83,-64.83,55.46
"2006-07-12 03:05:00",726,3.344,340.6,5.866,3.868,3.585,-76.53,-76.53,60.61
"2006-07-12 03:10:00",727,3.958,333.5,3.169,4.338,3.353,-76.74,-76.74,62.59
"2006-07-12 03:15:00",728,3.896,329.1,4.499,4.26,3.317,-80.7,-80.7,61.23
"2006-07-12 03:20:00",729,3.979,328.8,5.101,4.495,3.415,-84.2,-84.2,60.75
"2006-07-12 03:25:00",730,3.647,332.9,8.07,4.139,3.317,-78.28,-78.28,62.18
"2006-07-12 03:30:00",731,3.668,336.2,5.054,4.025,3.415,-80.8,-80.8,62.97
"2006-07-12 03:35:00",732,4.115,335.9,3.961,4.74,3.367,-80.1,-80.1,62.94
"2006-07-12 03:40:00",733,4.202,335.6,5.399,5.272,3.513,-83.5,-83.6,63.21
"2006-07-12 03:45:00",734,4.212,335.3,7.998,5.488,3.708,-79.34,-79.43,64.54
"2006-07-12 03:50:00",735,4.562,337.6,5.112,5.789,3.512,-78.7,-78.9,64.64
"2006-07-12 03:55:00",736,4.917,337.8,4.757,5.517,3.317,-78.57,-78.87,63.58
"2006-07-12 04:00:00",737,5.632,333.4,5.169,6.605,3.122,-81.2,-82.4,68.57
"2006-07-12 04:05:00",738,6.643,332.2,1.932,7.036,3.122,-81.1,-84,70.41
"2006-07-12 04:10:00",739,6.614,332.3,4.665,7.392,3.073,-83.3,-86.2,69.11
"2006-07-12 04:15:00",740,5.735,333.8,2.987,6.03,3.123,-80.1,-81.4,69.01
"2006-07-12 04:20:00",741,5.489,334.4,2.306,5.998,3.366,-84.3,-85.2,64.54
"2006-07-12 04:25:00",742,4.696,336,4.412,5.508,3.464,-79.14,-79.23,64.13
"2006-07-12 04:30:00",743,4.306,334.8,6.879,5.086,3.708,-82.7,-82.7,61.37
"2006-07-12 04:35:00",744,4.803,334.2,5.105,5.191,3.537,-80.9,-81,62.42
"2006-07-12 04:40:00",745,5.051,332.9,2.143,5.524,3.451,-80.7,-81,63.62
"2006-07-12 04:45:00",746,5.489,336.4,2.722,5.749,3.17,-73.93,-74.69,66.52
"2006-07-12 04:50:00",747,5.687,334.7,3.8,5.906,3.122,-78.39,-79.55,68.29
"2006-07-12 04:55:00",748,5.695,331.9,4.599,6.118,3.317,-84.6,-85.9,66.93
"2006-07-12 05:00:00",749,5.252,332.9,3.736,5.916,3.219,-79.42,-79.97,68.26
"2006-07-12 05:05:00",750,5.737,335.8,3.179,6.491,2.975,-76.23,-77.42,69.86
"2006-07-12 05:10:00",751,6.136,331.7,2.779,6.674,2.804,-77.39,-79.28,70.99
"2006-07-12 05:15:00",752,5.611,334.1,2.962,6.05,3.073,-76.08,-77.09,67
"2006-07-12 05:20:00",753,5.745,333.8,3.892,6.259,3.036,-68.46,-69.54,68.91
"2006-07-12 05:25:00",754,5.877,334.2,3.839,6.23,2.975,-57.63,-58.7,68.19
"2006-07-12 05:30:00",755,6.442,330.9,2.824,6.867,2.914,-45.92,-47.33,70.79
"2006-07-12 05:35:00",756,6.23,330.8,2.42,6.978,3.097,-34.86,-35.79,68.63
"2006-07-12 05:40:00",757,6.489,331.9,3.068,6.906,2.999,-28,-28.89,72.76
"2006-07-12 05:45:00",758,6.755,328.3,3.625,7.373,2.926,-41.51,-43.09,73.75
"2006-07-12 05:50:00",759,5.938,327.1,3.034,6.35,3.207,-55.98,-57.09,69.8
"2006-07-12 05:55:00",760,5.876,327,3.557,6.543,3.122,-48.87,-49.79,72.29
"2006-07-12 06:00:00",761,5.582,324,8.57,6.543,3.439,-41.63,-42.19,72.08
"2006-07-12 06:05:00",762,5.946,327.9,4.716,6.87,3.219,-28.59,-29.21,74.95
"2006-07-12 06:10:00",763,6.181,324.4,6.757,6.811,3.415,-19.81,-20.32,75.32
"2006-07-12 06:15:00",764,5.8,322.9,6.455,6.478,3.463,-8.44,-8.6,72.05
"2006-07-12 06:20:00",765,4.678,320.1,8.79,6.04,3.902,-6.057,-6.111,70.2
"2006-07-12 06:25:00",766,5.656,322.8,4.554,6.808,3.658,3.259,3.316,74.03
"2006-07-12 06:30:00",767,4.379,325.9,10.29,5.165,4.144,-7.366,-7.367,66
"2006-07-12 06:35:00",768,4.439,339.3,7.419,4.874,3.775,5.646,5.646,71.29
"2006-07-12 06:40:00",769,4.67,343.4,5.106,5.21,3.552,-5.671,-5.67,70.91
"2006-07-12 06:45:00",770,3.718,352.7,11.49,4.423,3.537,-39.29,-39.29,68.69
"2006-07-12 06:50:00",771,3.229,330.6,7.006,4.217,3.451,-56.12,-56.12,66.27
"2006-07-12 06:55:00",772,4.757,337.7,4.148,5.191,3.597,-61.41,-61.46,65.25
"2006-07-12 07:00:00",773,3.974,338.7,9.92,4.763,3.792,-56.79,-56.79,62.07
"2006-07-12 07:05:00",774,2.572,338.2,12.44,3.489,4.329,-51.58,-51.58,56.34
"2006-07-12 07:10:00",775,2.018,339.9,23.46,3.544,3.89,-51.19,-51.19,58.35
"2006-07-12 07:15:00",776,2.31,346.7,25.23,3.329,3.792,-53.99,-53.99,63.23
"2006-07-12 07:20:00",777,2.062,2.937,18.6,2.754,3.597,-50.27,-50.27,62.51
"2006-07-12 07:25:00",778,2.314,340.2,8.59,3.414,4.378,-60.64,-60.64,57.94
"2006-07-12 07:30:00",779,4.294,337.8,12.73,5.524,3.743,-56.17,-56.27,65.89
"2006-07-12 07:35:00",780,3.783,319.9,21.19,5.74,3.892,-59.02,-59.21,63.4
"2006-07-12 07:40:00",781,4.926,331.1,5.332,5.922,3.573,-58.63,-58.95,67.98
"2006-07-12 07:45:00",782,4.391,341.5,11.78,6.063,3.647,-54.96,-55.21,63.64
"2006-07-12 07:50:00",783,4.044,335,5.637,4.897,3.635,-50.37,-50.37,66.85
"2006-07-12 07:55:00",784,4.426,353.2,23.83,6.125,3.307,-51.99,-52.17,69.79
"2006-07-12 08:00:00",785,3.829,350,16.66,5.184,3.698,-49.11,-49.13,64.09
"2006-07-12 08:05:00",786,3.638,353.7,21.53,4.678,3.502,-39.36,-39.36,67.47
"2006-07-12 08:10:00",787,4.144,340.2,10.46,4.756,3.891,-23.89,-23.89,65.01
"2006-07-12 08:15:00",788,4.824,339.5,14.35,5.442,4.234,20.58,20.58,65.93
"2006-07-12 08:20:00",789,3.149,334.6,11.29,4.008,4.525,31.84,31.84,64.22
"2006-07-12 08:25:00",790,3.887,341.4,23.62,4.867,4.574,-9.6,-9.6,64.12
"2006-07-12 08:30:00",791,4.305,342.2,17.96,5.403,4.427,-10.91,-10.89,64.6
"2006-07-12 08:35:00",792,4.534,339.9,12.19,5.344,4.622,34.26,34.32,63.61
"2006-07-12 08:40:00",793,4.212,332.6,7.085,4.55,4.145,5.645,5.645,66.61
"2006-07-12 08:45:00",794,4.086,344.2,12.74,5.896,4.253,25.33,25.37,66.74
"2006-07-12 08:50:00",795,4.065,348.2,17.87,4.799,4.274,42.64,42.64,66.71
"2006-07-12 08:55:00",796,3.861,333.7,9.47,5.285,4.376,53.29,53.32,66.88
"2006-07-12 09:00:00",797,3.772,331.1,14.66,5.266,4.472,51.34,51.36,66.47
"2006-07-12 09:05:00",798,4.353,329.4,4.708,5.844,3.998,71.71,72.02,71.15
"2006-07-12 09:10:00",799,3.68,345.6,9.37,4.547,4.227,73.94,73.94,67.63
"2006-07-12 09:15:00",800,4.488,343.3,9.67,5.031,4.274,96.9,96.9,68.45
"2006-07-12 09:20:00",801,4.401,347,8.37,5.429,4.514,119.7,119.8,66.36
"2006-07-12 09:25:00",802,4.362,332.8,11.43,4.933,4.66,174.7,174.7,65.03
"2006-07-12 09:30:00",803,3.828,342.9,9.99,4.541,5.049,253.8,253.8,64.11
"2006-07-12 09:35:00",804,4.316,332,10.28,5.272,5.216,291.1,291.4,62.33
"2006-07-12 09:40:00",805,4.382,327.2,8.51,4.985,4.942,277.2,277.2,64.31
"2006-07-12 09:45:00",806,3.909,329.8,23.01,5.828,5.11,220.8,221.6,62.02
"2006-07-12 09:50:00",807,3.771,325.7,10.65,5.207,5.435,200.1,200.2,60.65
"2006-07-12 09:55:00",808,2.324,334.9,10.93,3.41,5.71,185.8,185.8,58.87
"2006-07-12 10:00:00",809,2.901,347.5,18.43,4.221,5.548,203.7,203.7,60.71
"2006-07-12 10:05:00",810,2.356,310.1,17.76,3.766,5.73,175.4,175.4,60.06
"2006-07-12 10:10:00",811,3.421,335.2,8.06,4.903,5.397,252.4,252.4,62
"2006-07-12 10:15:00",812,2.588,339.7,13.11,4.129,6.038,245.3,245.3,58.62
"2006-07-12 10:20:00",813,1.772,311.4,29.42,2.525,5.401,134.6,134.6,62
"2006-07-12 10:25:00",814,2.094,356.9,17.24,3.09,5.107,94.7,94.7,63.05
"2006-07-12 10:30:00",815,1.831,325.4,22.68,3.012,4.984,70.18,70.18,63.63
"2006-07-12 10:35:00",816,2.047,322.8,7.706,3.361,4.813,99.7,99.7,64.62
"2006-07-12 10:40:00",817,1.782,311,14.13,2.551,5.301,135.3,135.3,61.52
"2006-07-12 10:45:00",818,2.317,328.9,12.63,2.894,5.362,205.6,205.6,62.03
"2006-07-12 10:50:00",819,1.514,353.4,17.89,2.025,5.57,124.2,124.2,61.45
"2006-07-12 10:55:00",820,1.541,6.229,14.25,2.29,5.399,134.1,134.1,63.39
"2006-07-12 11:00:00",821,2.883,334.1,4.281,3.257,5.008,187.2,187.2,65.27
"2006-07-12 11:05:00",822,3.34,334.4,10.89,4.158,4.717,169.4,169.4,68.07
"2006-07-12 11:10:00",823,3.742,324.6,3.822,4.263,4.619,229,229,67.62
"2006-07-12 11:15:00",824,2.634,338.3,11.13,3.43,5.147,223.4,223.4,67.35
"2006-07-12 11:20:00",825,3.468,328.5,5.276,4.23,4.917,201.1,201.1,65
"2006-07-12 11:25:00",826,2.699,331.2,5.967,3.45,4.553,174.2,174.2,68.48
"2006-07-12 11:30:00",827,3.085,334.8,4.407,3.515,4.65,158.5,158.5,67.63
"2006-07-12 11:35:00",828,3.347,330.6,5.01,4.55,4.566,178.9,178.9,70.36
"2006-07-12 11:40:00",829,3.895,332.6,3.529,4.41,4.434,176.8,176.8,71.89
"2006-07-12 11:45:00",830,3.272,334.1,6.888,4.034,4.643,169.2,169.2,68.42
"2006-07-12 11:50:00",831,2.685,344.7,12.55,3.606,4.729,164,164,69.58
"2006-07-12 11:55:00",832,2.189,347.5,5.608,2.561,4.851,124.4,124.4,66.17
"2006-07-12 12:00:00",833,1.43,339.2,25.22,1.813,4.826,106.4,106.4,67.8
"2006-07-12 12:05:00",834,0.363,337.8,27.62,0.689,5.156,108.1,108.1,66.44
"2006-07-12 12:10:00",835,0.553,344.3,9.84,1.3,5.18,95.4,95.4,66.37
"2006-07-12 12:15:00",836,0.754,352.4,9.77,1.855,5.315,100.6,100.6,66.06
"2006-07-12 12:20:00",837,1.067,30.33,11.47,1.718,5.168,123.8,123.8,67.22
"2006-07-12 12:25:00",838,0.81,16.56,15.8,1.405,5.681,152.7,152.7,64.73
"2006-07-12 12:30:00",839,1.2,16.47,15.65,2.025,5.607,212.4,212.4,64.36
"2006-07-12 12:35:00",840,1.454,33.11,15.34,2.016,5.705,266.9,266.9,65.55
"2006-07-12 12:40:00",841,0.724,22.71,3.629,0.905,6.339,237.3,237.3,62.52
"2006-07-12 12:45:00",842,0.896,359.9,7.307,0.996,6.192,209.9,209.9,63.3
"2006-07-12 12:50:00",843,0.379,2.288,6.662,0.679,6.331,184.2,184.2,63.26
"2006-07-12 12:55:00",844,0.834,15.4,6.025,0.931,6.133,218.6,218.6,63.67
"2006-07-12 13:00:00",845,0.518,8.83,5.685,0.781,6.083,180.8,180.8,64.79
"2006-07-12 13:05:00",846,1.032,16.01,4.657,1.362,5.667,148.7,148.7,66.74
"2006-07-12 13:10:00",847,1.46,3.365,5.805,1.581,5.448,166.2,166.2,67.45
"2006-07-12 13:15:00",848,1.591,343.5,5.083,1.673,5.545,198.4,198.4,67.49
"2006-07-12 13:20:00",849,1.424,338.4,3.048,1.708,6.277,419.4,419.4,64.21
"2006-07-12 13:25:00",850,1.358,359.1,13.96,2.221,6.082,320.6,320.6,65.44
"2006-07-12 13:30:00",851,2.161,359.8,5.148,2.287,6.07,397.2,397.2,64.48
"2006-07-12 13:35:00",852,1.831,359.6,4.471,2.006,5.592,98.9,98.9,66.19
"2006-07-12 13:40:00",853,1.66,13.17,3.869,2.055,5.342,107.9,107.9,67.31
