"TOA5","5212","CR1000","5212","CR1000.Std.10","CRD:july17_06_OnIce1.CR1","61024","FiveMin"
"TIMESTAMP","RECORD","WS_ms_S_WVT","WindDir_D1_WVT","WindDir_SD1_WVT","WS_ms_Max","AirTC","NR_Wm2_Avg","CNR_Wm2_Avg","RH"
"TS","RN","meters/second","Deg","Deg","meters/second","Deg C","W/m²","Watts/meter²","%"
"","","WVc","WVc","WVc","Max","Smp","Avg","Avg","Smp"
"2006-07-26 17:55:00",2610,0,0,0,0,2.083,-9.38,-9.38,87
"2006-07-26 18:00:00",2611,0.216,359.6,5.344,0.467,1.935,-1.899,-1.899,85
"2006-07-26 18:05:00",2612,0.339,3.789,0.174,0.732,1.832,17.52,17.52,85.5
"2006-07-26 18:10:00",2613,0.484,18.44,7.94,0.735,1.734,3.925,3.925,85.9
"2006-07-26 18:15:00",2614,0.344,37.57,8.05,0.751,1.865,-3.207,-3.207,85
"2006-07-26 18:20:00",2615,0.44,99.6,22.75,0.826,1.559,3.823,3.823,86.7
"2006-07-26 18:25:00",2616,0.035,139.1,18.36,0.235,1.68,23.86,23.86,86.3
"2006-07-26 18:30:00",2617,0.235,214.8,38.52,0.777,1.204,17.55,17.55,87.1
"2006-07-26 18:35:00",2618,0.621,321.9,11.17,0.98,0.964,4.875,4.875,90.3
"2006-07-26 18:40:00",2619,0.111,60.9,3.923,0.415,1.443,11.31,11.31,88.6
"2006-07-26 18:45:00",2620,0.195,115,37.95,0.555,1.345,6.055,6.055,88.9
"2006-07-26 18:50:00",2621,0.062,138.7,0.116,0.284,1.591,11.7,11.7,87.9
"2006-07-26 18:55:00",2622,0,0,0,0,1.836,6.953,6.953,86.6
"2006-07-26 19:00:00",2623,0.04,170.4,0.008,0.186,1.838,-12.49,-12.49,86.7
"2006-07-26 19:05:00",2624,0.084,49.54,0.175,0.34,1.737,-53.47,-53.47,88
"2006-07-26 19:10:00",2625,0.196,117.6,26.32,0.346,1.25,-44.69,-44.69,91.2
"2006-07-26 19:15:00",2626,0.078,139.5,2.714,0.274,1.057,-23.76,-23.76,92.4
"2006-07-26 19:20:00",2627,0.201,27.52,23.49,0.526,0.958,-37.05,-37.05,92.5
"2006-07-26 19:25:00",2628,0.794,146.5,37.93,1.375,0.592,-53.65,-53.65,94.1
"2006-07-26 19:30:00",2629,0.049,153.2,0.754,0.297,0.957,1.309,1.309,92.8
"2006-07-26 19:35:00",2630,0.07,55.43,1.409,0.65,1.154,-18.55,-18.55,90.6
"2006-07-26 19:40:00",2631,0.122,47.32,0.181,0.725,1.057,-30.69,-30.69,91.3
"2006-07-26 19:45:00",2632,0,0,0,0,1.252,-24.27,-24.27,89.9
"2006-07-26 19:50:00",2633,0.001,166.5,0,0.013,1.204,-25.35,-25.35,89.4
"2006-07-26 19:55:00",2634,0,0,0,0,1.119,-27.22,-27.22,89.6
"2006-07-26 20:00:00",2635,0.004,84.8,0,0.026,1.119,-17.47,-17.47,90.6
"2006-07-26 20:05:00",2636,0,0,0,0,1.156,-15.93,-15.93,89.9
"2006-07-26 20:10:00",2637,0.394,146.4,4.264,0.882,0.826,-25.3,-25.3,92.9
"2006-07-26 20:15:00",2638,0.011,51.02,0,0.069,1.009,-10.52,-10.52,92.1
"2006-07-26 20:20:00",2639,0.004,123.8,0,0.042,0.911,-8.06,-8.06,93.7
"2006-07-26 20:25:00",2640,0,0,0,0,1.07,0.565,0.565,91.8
"2006-07-26 20:30:00",2641,0.157,354.2,8.7,0.438,0.814,-16.55,-16.55,93.3
"2006-07-26 20:35:00",2642,0.331,65.22,34.4,0.689,0.667,-12.45,-12.45,94.8
"2006-07-26 20:40:00",2643,0.267,71.91,20.83,0.555,0.62,-11.6,-11.6,95.9
"2006-07-26 20:45:00",2644,0.099,109.5,2.251,0.457,0.717,-11.91,-11.91,95.3
"2006-07-26 20:50:00",2645,0,0,0,0,0.767,-23.3,-23.3,95.7
"2006-07-26 20:55:00",2646,0.181,134.4,0.244,0.408,0.475,-29.05,-29.05,96.1
"2006-07-26 21:00:00",2647,0.033,134.6,0.022,0.212,0.428,-21.55,-21.55,97
"2006-07-26 21:05:00",2648,0.082,134.4,0.034,0.415,0.334,-24.81,-24.81,97.5
"2006-07-26 21:10:00",2649,0.086,24.97,58.61,0.372,0.336,-28.79,-28.79,97.5
"2006-07-26 21:15:00",2650,0.465,151.2,20.34,0.706,0.166,-20.79,-20.79,98.4
"2006-07-26 21:20:00",2651,0.634,296.1,22.65,1.029,0.045,-19.43,-19.43,98.9
"2006-07-26 21:25:00",2652,0.11,75.73,21.25,0.333,0.143,-25.82,-25.82,98.9
"2006-07-26 21:30:00",2653,0.105,10.22,33.24,0.294,0.094,-22.07,-22.07,98.8
"2006-07-26 21:35:00",2654,0.002,260.2,2.829,0.013,0.155,-19.51,-19.51,98.7
"2006-07-26 21:40:00",2655,0,0,0,0,0.24,-18.43,-18.43,98.8
"2006-07-26 21:45:00",2656,0,0,0,0,0.24,-15.99,-15.99,98.2
"2006-07-26 21:50:00",2657,0.006,186.7,0,0.059,0.143,-12.86,-12.86,98
"2006-07-26 21:55:00",2658,0.133,134.4,21.77,0.536,0.045,-11.81,-11.81,98.4
"2006-07-26 22:00:00",2659,0.366,113.3,8.02,0.764,-0.002,-10.29,-10.29,99
"2006-07-26 22:05:00",2660,0.641,132.2,6.016,1.068,-0.112,-6.391,-6.391,99.7
"2006-07-26 22:10:00",2661,0.575,101.3,13.67,1.078,-0.15,-4.03,-4.03,99.9
"2006-07-26 22:15:00",2662,0.289,142,19,0.689,-0.199,-3.183,-3.183,100
"2006-07-26 22:20:00",2663,0.159,117.1,22.03,0.438,-0.21,-2.721,-2.721,100
"2006-07-26 22:25:00",2664,0.218,54.64,13.68,0.63,-0.223,-0.642,-0.642,100
"2006-07-26 22:30:00",2665,0.329,72.76,21.65,0.807,-0.248,1.335,1.335,100
"2006-07-26 22:35:00",2666,0.434,126,16.25,0.843,-0.291,3.209,3.209,100
"2006-07-26 22:40:00",2667,0.022,160.3,0.959,0.196,-0.288,1.232,1.232,100
"2006-07-26 22:45:00",2668,0,0,0,0,-0.286,1.155,1.155,100
"2006-07-26 22:50:00",2669,0.302,118,4.643,0.738,-0.285,3.671,3.671,100
"2006-07-26 22:55:00",2670,0.03,123,0,0.304,-0.285,2.798,2.798,100
"2006-07-26 23:00:00",2671,0.074,70.02,0.336,0.379,-0.285,3.363,3.363,100
"2006-07-26 23:05:00",2672,0.581,91.6,12.94,1.258,-0.284,5.698,5.698,100
"2006-07-26 23:10:00",2673,0.127,152.9,14.01,0.771,-0.284,4.415,4.415,100
"2006-07-26 23:15:00",2674,0.222,160.5,54.43,1.395,-0.236,2.849,2.849,100
"2006-07-26 23:20:00",2675,0.978,307.5,64.59,1.846,0.155,-6.7,-6.7,99.6
"2006-07-26 23:25:00",2676,1.757,219.3,71.13,3.002,0.155,-5.571,-5.571,97.9
"2006-07-26 23:30:00",2677,2.267,279.3,44.95,3.959,0.106,-8.6,-8.6,96.1
"2006-07-26 23:35:00",2678,3.247,200.2,50.42,4.939,-0.089,2.413,2.413,98.4
"2006-07-26 23:40:00",2679,0.828,67.94,86.5,1.503,-0.284,13.02,13.02,99.8
"2006-07-26 23:45:00",2680,1.74,146.6,10.4,2.156,-0.394,19.74,19.74,100
"2006-07-26 23:50:00",2681,0.468,173.2,15.97,1.65,-0.431,15.63,15.63,100
"2006-07-26 23:55:00",2682,0.016,141.4,0,0.163,-0.48,18,18,100
"2006-07-27 00:00:00",2683,0,0,0,0,-0.48,22.77,22.77,100
"2006-07-27 00:05:00",2684,0,0,0,0,-0.504,24.85,24.85,100
"2006-07-27 00:10:00",2685,0,0,0,0,-0.503,29.27,29.27,100
"2006-07-27 00:15:00",2686,0,0,0,0,-0.502,28.88,28.88,100
"2006-07-27 00:20:00",2687,0,0,0,0,-0.526,21.46,21.46,100
"2006-07-27 00:25:00",2688,0,0,0,0,-0.522,7.651,7.651,100
"2006-07-27 00:30:00",2689,0,0,0,0,-0.522,-0.077,-0.077,100
"2006-07-27 00:35:00",2690,0,0,0,0,-0.52,-1.207,-1.207,100
"2006-07-27 00:40:00",2691,0,0,0,0,-0.518,-1.515,-1.515,100
"2006-07-27 00:45:00",2692,0,0,0,0,-0.517,-1.361,-1.361,100
"2006-07-27 00:50:00",2693,0,0,0,0,-0.469,-1.823,-1.823,100
"2006-07-27 00:55:00",2694,0,0,0,0,-0.468,-1.874,-1.874,100
"2006-07-27 01:00:00",2695,0,0,0,0,-0.468,-1.515,-1.515,100
"2006-07-27 01:05:00",2696,0,0,0,0,-0.419,-2.593,-2.593,100
"2006-07-27 01:10:00",2697,0,0,0,0,-0.419,-1.72,-1.72,100
"2006-07-27 01:15:00",2698,0,0,0,0,-0.321,-3.825,-3.825,100
"2006-07-27 01:20:00",2699,0,0,0,0,-0.272,-2.362,-2.362,100
"2006-07-27 01:25:00",2700,0,0,0,0,-0.272,-1.207,-1.207,100
"2006-07-27 01:30:00",2701,0,0,0,0,-0.272,-1.309,-1.309,100
"2006-07-27 01:35:00",2702,0,0,0,0,-0.248,-1.412,-1.412,100
"2006-07-27 01:40:00",2703,0,0,0,0,-0.248,-1.386,-1.386,100
"2006-07-27 01:45:00",2704,0,0,0,0,-0.199,-2.285,-2.285,100
"2006-07-27 01:50:00",2705,0,0,0,0,-0.174,-1.694,-1.694,100
"2006-07-27 01:55:00",2706,0,0,0,0,-0.138,-2.824,-2.824,100
"2006-07-27 02:00:00",2707,0,0,0,0,-0.125,-2.259,-2.259,100
"2006-07-27 02:05:00",2708,0,0,0,0,-0.174,-0.616,-0.616,100
"2006-07-27 02:10:00",2709,0,0,0,0,-0.199,-0.231,-0.231,100
"2006-07-27 02:15:00",2710,0,0,0,0,-0.211,-0.513,-0.513,100
"2006-07-27 02:20:00",2711,0,0,0,0,-0.187,-1.207,-1.207,100
"2006-07-27 02:25:00",2712,0,0,0,0,-0.175,-1.72,-1.72,100
"2006-07-27 02:30:00",2713,0,0,0,0,-0.175,-1.284,-1.284,100
"2006-07-27 02:35:00",2714,0,0,0,0,-0.176,-0.488,-0.488,100
"2006-07-27 02:40:00",2715,0,0,0,0,-0.175,-0.95,-0.95,100
"2006-07-27 02:45:00",2716,0,0,0,0,-0.15,-1.566,-1.566,100
"2006-07-27 02:50:00",2717,0,0,0,0,-0.126,-0.924,-0.924,100
"2006-07-27 02:55:00",2718,0,0,0,0,-0.126,-1.463,-1.463,100
"2006-07-27 03:00:00",2719,0,0,0,0,-0.151,0.051,0.051,100
"2006-07-27 03:05:00",2720,0,0,0,0,-0.151,-0.257,-0.257,100
"2006-07-27 03:10:00",2721,0,0,0,0,-0.138,-0.308,-0.308,100
"2006-07-27 03:15:00",2722,0,0,0,0,-0.126,-0.976,-0.976,100
"2006-07-27 03:20:00",2723,0,0,0,0,-0.126,-0.719,-0.719,100
"2006-07-27 03:25:00",2724,0,0,0,0,-0.125,-0.565,-0.565,100
"2006-07-27 03:30:00",2725,0,0,0,0,-0.176,0.565,0.565,100
"2006-07-27 03:35:00",2726,0,0,0,0,-0.187,0.18,0.18,100
"2006-07-27 03:40:00",2727,0,0,0,0,-0.127,-2.311,-2.311,100
"2006-07-27 03:45:00",2728,0,0,0,0,-0.175,0.796,0.796,100
"2006-07-27 03:50:00",2729,0,0,0,0,-0.175,0.488,0.488,100
"2006-07-27 03:55:00",2730,0,0,0,0,-0.126,-0.539,-0.539,100
"2006-07-27 04:00:00",2731,0,0,0,0,-0.174,1.823,1.823,100
"2006-07-27 04:05:00",2732,0,0,0,0,-0.272,2.67,2.67,100
"2006-07-27 04:10:00",2733,0,0,0,0,-0.272,1.566,1.566,100
"2006-07-27 04:15:00",2734,0,0,0,0,-0.273,-1.746,-1.746,100
"2006-07-27 04:20:00",2735,0,0,0,0,-0.236,-2.721,-2.721,100
"2006-07-27 04:25:00",2736,0,0,0,0,-0.272,-0.642,-0.642,100
"2006-07-27 04:30:00",2737,0,0,0,0,-0.273,0.257,0.257,100
"2006-07-27 04:35:00",2738,0,0,0,0,-0.321,0.436,0.436,100
"2006-07-27 04:40:00",2739,0,0,0,0,-0.334,0.282,0.282,100
"2006-07-27 04:45:00",2740,0,0,0,0,-0.346,-0.026,-0.026,100
"2006-07-27 04:50:00",2741,0,0,0,0,-0.358,-0.051,-0.051,100
"2006-07-27 04:55:00",2742,0,0,0,0,-0.345,-0.18,-0.18,100
"2006-07-27 05:00:00",2743,0,0,0,0,-0.358,-0.308,-0.308,100
"2006-07-27 05:05:00",2744,0,0,0,0,-0.37,-0.026,-0.026,100
"2006-07-27 05:10:00",2745,0,0,0,0,-0.37,-0.334,-0.334,100
"2006-07-27 05:15:00",2746,0,0,0,0,-0.345,-0.668,-0.668,100
"2006-07-27 05:20:00",2747,0,0,0,0,-0.321,-0.205,-0.205,100
"2006-07-27 05:25:00",2748,0,0,0,0,-0.321,0.154,0.154,100
"2006-07-27 05:30:00",2749,0,0,0,0,-0.284,-0.668,-0.668,100
"2006-07-27 05:35:00",2750,0,0,0,0,-0.296,-0.077,-0.077,100
"2006-07-27 05:40:00",2751,0,0,0,0,-0.321,0.616,0.616,100
"2006-07-27 05:45:00",2752,0,0,0,0,-0.272,-0.436,-0.436,100
"2006-07-27 05:50:00",2753,0,0,0,0,-0.394,1.232,1.232,100
"2006-07-27 05:55:00",2754,0,0,0,0,-0.37,-1.207,-1.207,100
"2006-07-27 06:00:00",2755,0,0,0,0,-0.223,-9.06,-9.06,100
"2006-07-27 06:05:00",2756,0,0,0,0,0.265,-16.3,-16.3,100
"2006-07-27 06:10:00",2757,0,0,0,0,0.339,-21.54,-21.54,99.9
"2006-07-27 06:15:00",2758,0,0,0,0,0.192,-11.48,-11.48,100
"2006-07-27 06:20:00",2759,0,0,0,0,0.363,-26.16,-26.16,98
"2006-07-27 06:25:00",2760,0,0,0,0,0.363,-26.98,-26.98,96.9
"2006-07-27 06:30:00",2761,0,0,0,0,0.582,-36.76,-36.76,95.8
"2006-07-27 06:35:00",2762,0,0,0,0,0.655,-49.91,-49.91,94.4
"2006-07-27 06:40:00",2763,0,0,0,0,0.899,-51.65,-51.65,92.4
"2006-07-27 06:45:00",2764,0.479,233.8,13.63,1.277,0.557,-44.39,-44.39,95.5
"2006-07-27 06:50:00",2765,1.508,336.1,33.34,3.312,0.495,-40.56,-40.56,94
"2006-07-27 06:55:00",2766,2.252,314,32.75,3.414,0.65,-46.93,-46.93,92.7
"2006-07-27 07:00:00",2767,1.755,307.6,28.52,3.786,0.623,-45.6,-45.6,93.6
"2006-07-27 07:05:00",2768,2.526,317.4,23.87,3.619,0.892,-60.74,-60.74,90.3
"2006-07-27 07:10:00",2769,2.363,310.9,27.87,3.165,1.036,-64.67,-64.67,90.3
"2006-07-27 07:15:00",2770,2.066,337.4,19.43,3.61,0.987,-58.38,-58.38,89.5
"2006-07-27 07:20:00",2771,2.233,320.4,13.46,2.901,1.035,-68.11,-68.11,88.8
"2006-07-27 07:25:00",2772,2.924,314.1,7.641,4.332,1.132,-84.3,-84.3,88.4
"2006-07-27 07:30:00",2773,2.347,323.1,22.13,2.891,1.169,-89.9,-89.9,88.9
"2006-07-27 07:35:00",2774,3.047,315.4,33.32,4.253,1.376,-103.2,-103.2,87.4
"2006-07-27 07:40:00",2775,2.192,296.2,21.94,3.146,1.572,-118.3,-118.3,86
"2006-07-27 07:45:00",2776,3.002,311.1,26.45,4.279,1.755,-125.2,-125.2,84.8
"2006-07-27 07:50:00",2777,2.313,301.9,22.15,3.734,1.816,-121.5,-121.5,85.4
"2006-07-27 07:55:00",2778,1.51,336.3,34.47,3.466,1.767,-113.4,-113.4,84.9
"2006-07-27 08:00:00",2779,1.885,289.3,25.62,2.813,1.45,-122.6,-122.6,88.3
"2006-07-27 08:05:00",2780,1.114,164.5,56.1,2.741,0.851,-92.1,-92.1,93.4
"2006-07-27 08:10:00",2781,0.764,329.4,80.5,2.548,1.425,-112.6,-112.6,87.2
"2006-07-27 08:15:00",2782,1.943,330.1,31.98,3.884,1.743,-128.2,-128.2,85.2
"2006-07-27 08:20:00",2783,2.08,315.4,20.62,2.979,1.95,-140.4,-140.4,84
"2006-07-27 08:25:00",2784,2.095,324.7,19.6,4.106,1.912,-134.8,-134.8,84.3
"2006-07-27 08:30:00",2785,3.12,333,24.17,4.746,1.763,-137.4,-137.4,84.9
"2006-07-27 08:35:00",2786,3.57,312.9,16.92,4.707,1.833,-151.3,-151.3,85.4
"2006-07-27 08:40:00",2787,3.191,335.1,32.94,5.749,1.807,-142.4,-142.7,84.9
"2006-07-27 08:45:00",2788,3.601,325.5,16.11,5.266,1.671,-155,-155.1,84.6
"2006-07-27 08:50:00",2789,1.679,349.7,51.88,3.472,1.927,-155,-155,85.2
"2006-07-27 08:55:00",2790,3.188,321.6,19.32,4.469,1.927,-191.5,-191.5,83.9
"2006-07-27 09:00:00",2791,1.656,306,58.2,3.77,1.926,-164.8,-164.8,86.8
"2006-07-27 09:05:00",2792,0.649,270.8,58.28,1.202,1.755,-142.2,-142.2,87.4
"2006-07-27 09:10:00",2793,1.178,256.1,56.83,1.97,1.708,-144,-144,88.3
"2006-07-27 09:15:00",2794,1.324,232.3,33.93,2.375,1.585,-146.8,-146.8,88.4
"2006-07-27 09:20:00",2795,0.889,144.4,18.31,2.032,1.341,-122.9,-122.9,92.9
"2006-07-27 09:25:00",2796,1.074,137.4,32.72,2.558,1.06,-128,-128,93.6
"2006-07-27 09:30:00",2797,0.35,352,89.3,1.032,1.413,-142.5,-142.5,93.2
"2006-07-27 09:35:00",2798,0.947,153.4,9.49,1.849,1.071,-133.9,-133.9,95
"2006-07-27 09:40:00",2799,1.518,168.3,11.14,2.117,0.68,-125.5,-125.5,97
"2006-07-27 09:45:00",2800,1.786,170.4,8.19,2.117,0.509,-121.5,-121.5,98
"2006-07-27 09:50:00",2801,1.155,187,16.37,1.545,0.485,-125.1,-125.1,98.6
"2006-07-27 09:55:00",2802,1.53,174.1,10.39,1.986,0.485,-119.8,-119.8,99
"2006-07-27 10:00:00",2803,0.334,194.7,38.51,0.902,0.717,-122.8,-122.8,98.7
"2006-07-27 10:05:00",2804,1.008,153.5,16.61,1.659,0.643,-123.7,-123.7,97.9
"2006-07-27 10:10:00",2805,1.129,181.7,25.86,1.708,0.559,-130.4,-130.4,98.3
"2006-07-27 10:15:00",2806,1.103,162.8,36.43,2.166,0.778,-136.5,-136.5,98.1
"2006-07-27 10:20:00",2807,0.821,112.2,24.16,1.284,0.827,-142.2,-142.2,98.2
"2006-07-27 10:25:00",2808,0.874,154.9,4.733,1.202,0.973,-125.8,-125.8,98.6
"2006-07-27 10:30:00",2809,0.477,1.804,12.03,0.879,0.779,-124.7,-124.7,97.4
"2006-07-27 10:35:00",2810,0.514,73.24,82.5,2.081,1.12,-158.4,-158.4,97.3
"2006-07-27 10:40:00",2811,0.578,159.1,13.11,2.061,1.767,-197.2,-197.2,95.8
"2006-07-27 10:45:00",2812,0.848,116.8,16.53,1.032,1.412,-162.9,-162.9,94.5
"2006-07-27 10:50:00",2813,0.852,133.5,15.38,1.989,1.217,-141.4,-141.4,96.1
"2006-07-27 10:55:00",2814,0.943,141.8,29.73,1.921,1.388,-169.1,-169.1,95.8
"2006-07-27 11:00:00",2815,0.933,122.2,58.79,1.45,1.414,-167.6,-167.6,94.3
"2006-07-27 11:05:00",2816,0.636,115.2,17.02,1.287,1.439,-200.1,-200.1,97.1
"2006-07-27 11:10:00",2817,0.942,136.7,2.703,1.757,2.208,-275.9,-275.9,92.2
"2006-07-27 11:15:00",2818,1.031,138.9,37.71,1.483,2.391,-311.6,-311.6,90.5
"2006-07-27 11:20:00",2819,1.308,111.7,18.42,1.767,1.608,-319,-319,95.9
"2006-07-27 11:25:00",2820,2.512,152.3,6.638,2.979,1.828,-283.4,-283.4,93.9
"2006-07-27 11:30:00",2821,0.965,120.8,70.34,1.878,1.901,-372.2,-372.2,93.6
"2006-07-27 11:35:00",2822,0.999,163.8,8.35,1.385,1.388,-397.2,-397.2,93.1
"2006-07-27 11:40:00",2823,1.805,122.2,11.64,2.238,0.68,-279,-279,96.8
"2006-07-27 11:45:00",2824,2.477,133.1,8.01,3.025,0.546,-232.4,-232.4,98.2
"2006-07-27 11:50:00",2825,2.133,158.2,9.1,3.218,0.533,-199.1,-199.1,98.2
"2006-07-27 11:55:00",2826,1.124,168.2,10.47,2.515,0.68,-264.4,-264.4,98.9
"2006-07-27 12:00:00",2827,0.951,176.1,28.25,1.859,0.79,-359.4,-359.4,98.4
"2006-07-27 12:05:00",2828,0.624,129.3,9.48,1.013,1.315,-454.5,-454.5,98.8
"2006-07-27 12:10:00",2829,0.458,153.2,4.446,1.192,1.901,-372.3,-372.3,95.3
"2006-07-27 12:15:00",2830,0.481,167.3,57.15,1.137,1.803,-61.71,-61.71,93.9
"2006-07-27 12:20:00",2831,1.037,127.5,18.88,2.094,1.62,-112.4,-112.4,94.1
"2006-07-27 12:25:00",2832,1.404,136.4,20.31,2.319,1.339,-107.4,-107.4,94.6
"2006-07-27 12:30:00",2833,2.142,186.7,27.82,2.751,0.778,-66.53,-66.53,96.8
"2006-07-27 12:35:00",2834,1.079,136.2,45.68,2.029,1.339,-70.3,-70.3,96.2
"2006-07-27 12:40:00",2835,2.113,87.1,46.34,2.822,1.4,-88.8,-88.8,91.4
"2006-07-27 12:45:00",2836,1.3,199.5,44.32,2.238,1.461,-94.1,-94.1,94.3
"2006-07-27 12:50:00",2837,0.72,217.8,60.14,1.454,1.437,-76.81,-76.81,94.3
"2006-07-27 12:55:00",2838,1.191,155.8,22.33,2.146,1.412,-91.7,-91.7,92.9
"2006-07-27 13:00:00",2839,1.392,337.2,68.88,4.047,1.754,-81,-81,89.2
"2006-07-27 13:05:00",2840,2.024,353.6,40.22,3.927,2.096,-72.66,-72.66,86.4
"2006-07-27 13:10:00",2841,2.439,3.545,57.76,5.374,1.996,-87,-87,87.1
"2006-07-27 13:15:00",2842,3.725,289.6,49.09,6.452,2.141,-31.87,-32.01,84.7
"2006-07-27 13:20:00",2843,2.897,295.8,57.04,5.06,2.189,-10.78,-10.78,83.5
"2006-07-27 13:25:00",2844,2.959,328.3,17.51,4.332,2.138,2.823,2.823,84.6
"2006-07-27 13:30:00",2845,1.632,320.5,56.52,2.613,2.479,-21.5,-21.5,82.6
"2006-07-27 13:35:00",2846,2.89,316.2,20.09,5.204,2.32,-35.41,-35.43,82.7
"2006-07-27 13:40:00",2847,3.577,318.3,28.44,6.569,2.234,-32.64,-32.81,81.4
"2006-07-27 13:45:00",2848,3.96,309.8,19.3,4.969,2.109,20.35,20.35,83.6
"2006-07-27 13:50:00",2849,2.336,304.4,27.34,3.388,2.524,16.42,16.42,81.8
"2006-07-27 13:55:00",2850,3.9,328.4,19,5.841,2.182,21.4,21.49,83.2
"2006-07-27 14:00:00",2851,5.028,331.1,18.48,6.991,2.28,17.22,17.22,82.5
"2006-07-27 14:05:00",2852,5.779,323,37.62,7.327,2.291,14.91,15.37,81.8
"2006-07-27 14:10:00",2853,6.849,326.5,8.24,7.837,2.132,40.77,42.33,83.1
"2006-07-27 14:15:00",2854,7.399,327.9,16.54,8.94,2.108,-4.465,-5.098,82.1
"2006-07-27 14:20:00",2855,6.703,330.5,13.31,9.6,2.133,32.46,33.68,83.2
"2006-07-27 14:25:00",2856,5.959,334.2,15.54,8.62,2.184,52.06,53.2,82.4
"2006-07-27 14:30:00",2857,7.55,324.7,11.72,9.94,1.94,48.01,50.55,83.9
"2006-07-27 14:35:00",2858,7.725,329.2,10.64,10.11,1.99,43.9,46.58,83.8
"2006-07-27 14:40:00",2859,8.16,329.9,9.41,11.39,2.04,32.2,34.27,83.7
"2006-07-27 14:45:00",2860,7.713,323.3,9.68,9.29,2.042,23.02,24.07,83.2
"2006-07-27 14:50:00",2861,6.215,322.3,10.54,7.572,1.991,42.65,43.81,84.6
"2006-07-27 14:55:00",2862,6.793,324.6,11.54,8.74,2.04,50.52,52.66,84.2
"2006-07-27 15:00:00",2863,6.416,318,12.8,7.569,1.992,53.78,55.47,84.4
"2006-07-27 15:05:00",2864,8.53,325.7,4.955,10.39,1.946,27.23,29.01,84
"2006-07-27 15:10:00",2865,8.16,332.3,9.77,10.25,2.005,31.31,33.32,84.4
"2006-07-27 15:15:00",2866,7.485,322.4,15.83,9.56,2.044,27.56,29.05,83.8
"2006-07-27 15:20:00",2867,7.523,320.8,12.73,8.76,2.044,52.04,54.85,84.3
"2006-07-27 15:25:00",2868,8.29,328.9,12.03,10.26,2.14,36.08,38.6,83.4
"2006-07-27 15:30:00",2869,6.963,329.3,10.69,7.729,2.091,43.49,45.3,85.5
"2006-07-27 15:35:00",2870,7.019,317.7,10,10.02,2.311,81.8,85.2,83.8
"2006-07-27 15:40:00",2871,7.714,323.5,8.18,9.61,2.137,54.42,57.38,85.4
"2006-07-27 15:45:00",2872,7.347,323.8,10.67,8.7,2.038,29.97,31.55,86.2
"2006-07-27 15:50:00",2873,7.602,331,12.5,9.23,2.038,55.22,58.16,86.2
"2006-07-27 15:55:00",2874,7.595,325.3,8.33,8.61,2.186,41.59,43.89,85.3
"2006-07-27 16:00:00",2875,7.747,325.5,11.5,8.48,2.14,25.48,26.96,85.7
"2006-07-27 16:05:00",2876,8.16,322.5,8.75,9.81,2.112,34.2,36.44,85.2
"2006-07-27 16:10:00",2877,7.328,327.4,9.26,8.77,2.234,49.27,51.76,85.5
"2006-07-27 16:15:00",2878,7.802,317.2,8.76,10.11,2.329,17.73,18.81,84.4
"2006-07-27 16:20:00",2879,7.857,318.5,9.95,9.68,2.182,-19.19,-20.56,84.9
"2006-07-27 16:25:00",2880,9.09,319.8,13.44,11.13,2.134,-22.5,-24.58,84
"2006-07-27 16:30:00",2881,9.22,314.9,9.28,11.27,2.036,-13.57,-14.69,85.6
"2006-07-27 16:35:00",2882,8.08,318.7,8.04,9.33,2.061,29.43,31.27,85.7
"2006-07-27 16:40:00",2883,9.23,323.2,9.92,10.56,2.135,34.54,37.59,86
"2006-07-27 16:45:00",2884,9.22,322.1,10.95,11.72,2.037,-9.96,-10.91,86.4
"2006-07-27 16:50:00",2885,9.09,309,11.41,11.09,1.988,-19.27,-21.05,87
"2006-07-27 16:55:00",2886,8.49,317.7,6.485,9.38,2.133,3.438,3.675,86.5
"2006-07-27 17:00:00",2887,7.941,323.2,9.15,8.87,1.94,4.311,4.642,87.9
"2006-07-27 17:05:00",2888,8.46,314.7,11.22,9.11,2.011,-37.98,-40.81,87
"2006-07-27 17:10:00",2889,8.61,315.2,8.95,9.6,2.037,-27.4,-29.54,87.1
"2006-07-27 17:15:00",2890,8.9,314.3,7.942,9.93,2.183,-35.13,-38.11,86.6
"2006-07-27 17:20:00",2891,9,320.7,6.705,11.25,2.329,-1.386,-1.697,86
"2006-07-27 17:25:00",2892,8.02,322.7,7.472,9.05,2.108,-16.99,-18.08,87.5
"2006-07-27 17:30:00",2893,8.42,315.7,9.97,9.89,1.986,-49.37,-53.06,89.8
"2006-07-27 17:35:00",2894,7.505,322.5,5.102,8.7,1.851,-46.86,-49.63,90.2
"2006-07-27 17:40:00",2895,7.977,323.3,7.861,9.16,2.181,-41.26,-44.03,88.8
"2006-07-27 17:45:00",2896,8.38,317.7,10.14,9.97,2.205,-50.22,-54.09,88.8
"2006-07-27 17:50:00",2897,7.166,320.9,9.9,8.24,2.327,-40.26,-42.37,88.2
"2006-07-27 17:55:00",2898,8.25,319,12.03,10.19,2.425,-84.3,-90.2,87.3
"2006-07-27 18:00:00",2899,8.31,323.3,9.39,9.41,2.279,-49.14,-52.81,88.3
"2006-07-27 18:05:00",2900,8.24,321.5,8.55,9.88,2.327,-60.33,-64.93,87.6
"2006-07-27 18:10:00",2901,8.31,327.5,3.767,9.52,2.327,-39.16,-42.01,87.9
"2006-07-27 18:15:00",2902,9.22,321,9.07,10.49,2.376,-64.23,-70.13,86
"2006-07-27 18:20:00",2903,9.6,317.5,6.927,10.32,2.327,-56.76,-62.46,86
"2006-07-27 18:25:00",2904,9.1,316.3,6.701,10.7,2.498,-54.78,-59.69,85.2
"2006-07-27 18:30:00",2905,8.43,322.5,9.64,9.33,2.474,-74.39,-80,84.8
"2006-07-27 18:35:00",2906,8.4,320.6,9.06,10.62,2.376,-71.77,-77.14,85.5
"2006-07-27 18:40:00",2907,8.87,324.2,6.92,9.94,2.51,-72.93,-79.1,84.1
"2006-07-27 18:45:00",2908,8.03,322.8,7.256,9.14,2.474,-62.92,-67.22,84.6
"2006-07-27 18:50:00",2909,7.032,321.6,6.329,8.01,2.474,-58.63,-61.28,84.5
"2006-07-27 18:55:00",2910,7.267,324,6.108,9.01,2.401,-60.25,-63.48,85.8
"2006-07-27 19:00:00",2911,6.313,331.2,9.48,8.01,2.474,-60.87,-62.8,85.5
"2006-07-27 19:05:00",2912,6.347,320,9.79,6.916,2.474,-65.64,-67.57,84.8
"2006-07-27 19:10:00",2913,7.143,316.7,12.65,9.1,2.584,-77.54,-81.3,83.7
"2006-07-27 19:15:00",2914,8.11,325.9,9.08,9.3,2.669,-80.3,-85.9,83.3
"2006-07-27 19:20:00",2915,7.962,324.2,8.05,9.22,2.474,-66.64,-71.12,85.1
"2006-07-27 19:25:00",2916,7.08,321.6,7.54,8.47,2.474,-57.09,-59.76,84.9
"2006-07-27 19:30:00",2917,6.942,330.6,9.65,8.26,2.474,-47.5,-49.56,85.1
"2006-07-27 19:35:00",2918,6.88,332.4,8.48,9.29,2.498,-52.29,-54.71,85.5
"2006-07-27 19:40:00",2919,6.586,325.2,8.07,7.768,2.425,-63.92,-66.21,85.5
"2006-07-27 19:45:00",2920,7.472,318.1,10.76,8.73,2.523,-74.47,-78.42,84.4
"2006-07-27 19:50:00",2921,6.901,325.9,8.49,7.575,2.449,-62.38,-64.95,85.6
"2006-07-27 19:55:00",2922,7.647,324.1,11.61,9.02,2.523,-72.9,-77.07,85
"2006-07-27 20:00:00",2923,8.04,324.1,9.15,9.03,2.62,-85.4,-90.9,84.3
"2006-07-27 20:05:00",2924,7.89,317.7,11.29,8.89,2.572,-87.1,-92.5,84.6
"2006-07-27 20:10:00",2925,8.07,318.8,7.145,9.42,2.523,-80.2,-85.6,85.2
"2006-07-27 20:15:00",2926,7.671,321.1,4.464,8.19,2.425,-79.47,-84,86.1
"2006-07-27 20:20:00",2927,8.05,316.1,8.82,9.44,2.376,-85,-90.7,86.3
"2006-07-27 20:25:00",2928,8.84,320,6.375,9.97,2.377,-87.8,-95,86.5
"2006-07-27 20:30:00",2929,8.65,317.4,9.74,10,2.5,-86.2,-93,85.7
"2006-07-27 20:35:00",2930,9.29,321.5,5.514,11.3,2.597,-99.2,-108.3,85
"2006-07-27 20:40:00",2931,8.29,323.5,8.81,9.84,2.525,-89.4,-95.8,85.7
"2006-07-27 20:45:00",2932,8.75,318,9.4,9.81,2.675,-89.7,-96.8,85.9
"2006-07-27 20:50:00",2933,7.823,314.9,9.18,8.5,2.773,-54.78,-58.12,85.8
"2006-07-27 20:55:00",2934,7.618,321.3,9.57,8.9,2.727,-58.43,-61.78,86.2
"2006-07-27 21:00:00",2935,6.836,320.4,10.22,7.788,2.674,-66.1,-68.8,85.7
"2006-07-27 21:05:00",2936,6.218,325.9,8.83,7.308,2.552,-67.95,-69.82,85.3
"2006-07-27 21:10:00",2937,7.98,313.3,8.78,9.26,2.773,-87.5,-93.1,84.1
"2006-07-27 21:15:00",2938,8.51,318.7,10.48,10.67,2.796,-93.7,-100.8,83.6
"2006-07-27 21:20:00",2939,8.39,318.2,10.64,9.34,2.822,-96.1,-103.1,83.6
"2006-07-27 21:25:00",2940,9.02,319.6,8.89,10.76,2.75,-90.1,-97.9,84.1
"2006-07-27 21:30:00",2941,9.65,316.4,4.671,11.39,2.579,-93.2,-102.6,85.9
"2006-07-27 21:35:00",2942,9.64,319.4,6.688,10.64,2.482,-87.9,-96.6,85.9
"2006-07-27 21:40:00",2943,9.51,316.8,9.03,10.56,2.433,-86.8,-95.2,86.3
"2006-07-27 21:45:00",2944,10.3,313.9,4.541,11.46,2.582,-89,-99.1,85.9
"2006-07-27 21:50:00",2945,9.81,318.9,8.92,11.02,2.632,-82.2,-90.7,86.1
"2006-07-27 21:55:00",2946,9.41,315.6,8.85,9.99,2.633,-80.9,-88.5,86
"2006-07-27 22:00:00",2947,10.54,314.7,6.9,11.59,2.535,-82.4,-92.3,86.2
"2006-07-27 22:05:00",2948,10.42,314.5,6.143,12,2.535,-87.7,-97.9,87
"2006-07-27 22:10:00",2949,10.27,315.2,9.17,11.04,2.657,-79.71,-88.7,87.1
"2006-07-27 22:15:00",2950,10.16,319.8,7.111,11.12,2.78,-80.8,-89.7,87.2
"2006-07-27 22:20:00",2951,9.38,316.1,10.38,10.84,2.584,-81.1,-88.7,87.7
"2006-07-27 22:25:00",2952,9.11,318.3,8.77,10.9,2.511,-80.9,-88.2,87.6
"2006-07-27 22:30:00",2953,8.34,323.3,10.95,9.54,2.829,-81.8,-87.7,84.8
"2006-07-27 22:35:00",2954,9.21,325.6,9.33,10.27,2.975,-94.6,-103.2,84
"2006-07-27 22:40:00",2955,10.11,316.9,10.96,12.07,3.048,-91.7,-101.8,84.1
"2006-07-27 22:45:00",2956,10.49,317.7,4.484,11.23,2.902,-93.5,-104.4,85.3
"2006-07-27 22:50:00",2957,10.44,321.5,4.786,11.31,2.926,-95.5,-106.6,85.3
"2006-07-27 22:55:00",2958,10.86,322.4,4.215,11.97,2.536,-92.8,-104.4,88.2
"2006-07-27 23:00:00",2959,11.33,322.8,5.802,12.15,2.291,-82.5,-93.6,89.8
"2006-07-27 23:05:00",2960,11.87,324.4,5.998,13.15,2.145,-68.24,-78.21,90.4
"2006-07-27 23:10:00",2961,9.94,328.5,8.02,11.6,2.584,-80.4,-88.8,86.8
"2006-07-27 23:15:00",2962,9.6,326.2,7.174,10.96,2.682,-88.6,-97.3,85.2
"2006-07-27 23:20:00",2963,8.11,322.7,10.62,9.84,3.024,-94.5,-100.8,82.3
"2006-07-27 23:25:00",2964,7.15,317.1,8.95,9.13,2.998,-90.1,-94.5,82.9
"2006-07-27 23:30:00",2965,8.08,322.6,8.57,8.98,2.975,-88.7,-94.6,83.4
"2006-07-27 23:35:00",2966,8.34,323.7,8.97,9.08,2.828,-85.4,-91.5,84.6
"2006-07-27 23:40:00",2967,7.904,324.9,6.488,8.86,2.389,-72.78,-77.28,87.7
"2006-07-27 23:45:00",2968,9.21,316.8,9.3,10.83,2.389,-64.65,-70.55,87.4
"2006-07-27 23:50:00",2969,10.64,318.9,4.909,11.57,2.34,-81,-90.8,87.6
"2006-07-27 23:55:00",2970,10.66,321.5,3.044,11.58,2.389,-82,-91.9,87.5
"2006-07-28 00:00:00",2971,10.05,325.8,4.549,10.64,2.438,-79.48,-88,86.7
"2006-07-28 00:05:00",2972,9.62,316.4,6.847,10.59,2.731,-94.1,-103.4,85.2
"2006-07-28 00:10:00",2973,9.57,315.6,6.152,10.92,2.877,-101.5,-111.4,84.1
"2006-07-28 00:15:00",2974,9.27,314.8,5.644,10.4,2.877,-88.2,-96.4,84.6
"2006-07-28 00:20:00",2975,9.15,320.7,5.479,10.16,2.829,-80.6,-87.8,85.4
"2006-07-28 00:25:00",2976,8.47,320.3,6.344,9.16,2.926,-80.4,-86.4,84.6
"2006-07-28 00:30:00",2977,9.19,317,13.22,10.2,2.926,-81.2,-88.5,84.8
"2006-07-28 00:35:00",2978,9.67,319.1,5.025,10.29,2.89,-81.9,-90,85.2
"2006-07-28 00:40:00",2979,9.01,320.5,6.87,9.76,2.731,-75.81,-82.3,86.2
"2006-07-28 00:45:00",2980,9.67,322.5,5.651,10.75,3.109,-92,-101.2,83.7
"2006-07-28 00:50:00",2981,9.52,320.3,5.009,10.13,3.195,-96,-105.3,83.5
"2006-07-28 00:55:00",2982,9.79,317.1,4.441,10.63,2.975,-89.4,-98.6,85.3
"2006-07-28 01:00:00",2983,10.12,316.6,5.917,11.02,2.877,-79.41,-88.1,86.3
"2006-07-28 01:05:00",2984,10.74,316.3,6.009,11.76,2.975,-87.5,-98.2,85.9
"2006-07-28 01:10:00",2985,9.27,318.3,7.54,10.33,3.073,-88.8,-96.9,85.7
"2006-07-28 01:15:00",2986,9.42,316.6,4.213,10.6,3.093,-97.4,-106.7,85.8
"2006-07-28 01:20:00",2987,9.15,315.5,9.23,9.89,3.094,-91.6,-99.7,87
"2006-07-28 01:25:00",2988,8.97,312.3,9.35,9.77,2.872,-80.1,-86.9,88.5
"2006-07-28 01:30:00",2989,8.33,319.3,7.573,9.07,3.066,-74.99,-80.3,87.2
"2006-07-28 01:35:00",2990,9.32,316.4,12.68,10.64,3.116,-77.5,-84.7,86.1
"2006-07-28 01:40:00",2991,7.824,317.9,11.27,9.73,3.261,-83.8,-88.8,84.9
"2006-07-28 01:45:00",2992,7.739,306.9,10.33,9.53,3.555,-85.1,-90.2,83.2
"2006-07-28 01:50:00",2993,8.46,308,10.96,9.83,3.359,-85.4,-91.8,83.4
"2006-07-28 01:55:00",2994,7.348,305.9,5.924,9.7,3.578,-98.8,-103.8,82.3
"2006-07-28 02:00:00",2995,7.96,311.7,7.891,10.01,3.552,-105.7,-112.6,82.6
"2006-07-28 02:05:00",2996,8.57,314.3,7.902,9.55,3.6,-104.4,-112.3,82.7
"2006-07-28 02:10:00",2997,8.53,316.6,7.73,9,3.355,-92.4,-99.3,84.3
"2006-07-28 02:15:00",2998,8.46,319.4,5.815,9.31,3.501,-97.8,-105,83.7
"2006-07-28 02:20:00",2999,8.42,316.1,9.61,9.54,3.671,-93.2,-100.1,82.3
"2006-07-28 02:25:00",3000,9.23,324,6.087,10.13,3.548,-89.1,-97.2,83.4
"2006-07-28 02:30:00",3001,8.06,318.3,10.95,9.94,3.45,-68.41,-73.06,84.5
"2006-07-28 02:35:00",3002,7.184,316.1,13.32,8.44,3.499,-51.58,-54.04,85
"2006-07-28 02:40:00",3003,6.986,327.9,11.83,7.755,3.402,-41.67,-43.47,86.3
"2006-07-28 02:45:00",3004,7.469,322.9,7.805,7.693,3.377,-40,-42.11,86.7
"2006-07-28 02:50:00",3005,7.282,318.3,10.22,8.25,3.206,-44.29,-46.45,88.7
"2006-07-28 02:55:00",3006,6.652,323,11.32,8.93,3.255,-46.7,-48.47,88.2
"2006-07-28 03:00:00",3007,7.582,327,8.44,8.33,3.255,-52.53,-55.46,88.6
"2006-07-28 03:05:00",3008,8.79,322.6,6.268,10.21,3.243,-57.38,-62.03,89
"2006-07-28 03:10:00",3009,8.85,324.6,5.247,9.47,3.218,-52.68,-57,89
"2006-07-28 03:15:00",3010,8.76,327.1,6.163,9.76,3.243,-64.66,-69.94,88.3
"2006-07-28 03:20:00",3011,8.76,327,4.978,9.43,3.182,-64.84,-70.04,88.8
"2006-07-28 03:25:00",3012,8.84,322.3,5.649,9.57,3.182,-63.25,-68.42,88.9
"2006-07-28 03:30:00",3013,8.64,320.9,5.053,9.27,3.255,-73.11,-78.78,87.6
"2006-07-28 03:35:00",3014,8.89,318.8,3.309,9.78,3.121,-70.28,-76.12,88.9
"2006-07-28 03:40:00",3015,9.2,322,5.295,9.68,3.109,-72.36,-78.85,88.8
"2006-07-28 03:45:00",3016,8.85,322.7,3.919,9.63,3.109,-70.64,-76.45,89.4
"2006-07-28 03:50:00",3017,9.05,323,7.673,10.58,2.816,-66.36,-72.07,90.7
"2006-07-28 03:55:00",3018,8.83,328.1,4.232,9.42,2.889,-75.77,-82,90.4
"2006-07-28 04:00:00",3019,8.94,328.2,5.661,9.57,2.816,-82.5,-89.4,91.4
"2006-07-28 04:05:00",3020,8.63,329.4,6.524,9.93,2.62,-74.03,-79.78,93.1
"2006-07-28 04:10:00",3021,8.13,326.7,5.988,8.88,2.462,-67.28,-71.76,94
"2006-07-28 04:15:00",3022,7.588,324.8,5.39,8.22,2.352,-61.61,-65,94.8
"2006-07-28 04:20:00",3023,6.956,323.3,5.873,7.497,2.401,-59.17,-61.65,95
"2006-07-28 04:25:00",3024,6.961,318.4,4.737,8.01,2.791,-64.92,-67.65,92.2
"2006-07-28 04:30:00",3025,6.763,317.2,4.26,7.758,2.915,-71.26,-73.95,90.7
"2006-07-28 04:35:00",3026,6.226,316.2,6.458,6.886,3.086,-69.13,-70.97,89.9
"2006-07-28 04:40:00",3027,7.057,315.8,8.55,8.08,3.503,-72.95,-76.15,87.4
"2006-07-28 04:45:00",3028,5.704,311.2,9.91,7.35,3.647,-68.61,-69.94,85.7
"2006-07-28 04:50:00",3029,6.075,311.1,11.14,7.67,3.744,-60.61,-62.12,85.5
"2006-07-28 04:55:00",3030,5.598,313.4,7.357,7.562,3.841,-48.29,-49.19,84.9
"2006-07-28 05:00:00",3031,5.442,307.5,11.2,7.539,3.792,-46.09,-46.6,84.2
"2006-07-28 05:05:00",3032,4.615,306.3,22.33,6.38,3.792,-56.07,-56.5,85.1
"2006-07-28 05:10:00",3033,4.42,314.8,11.25,5.354,3.853,-52.22,-52.27,84.6
"2006-07-28 05:15:00",3034,4.408,311.3,9.88,6.109,3.597,-42.42,-42.66,86
"2006-07-28 05:20:00",3035,4.369,294.5,10.87,5.455,3.89,-35.21,-35.26,84.8
"2006-07-28 05:25:00",3036,3.88,317.4,20.77,4.841,3.804,-38.59,-38.59,86.3
"2006-07-28 05:30:00",3037,2.725,308.4,22.52,4.991,3.792,-33.77,-33.77,85.6
"2006-07-28 05:35:00",3038,4.138,294.4,10.42,5.027,3.963,-42.67,-42.68,84.4
"2006-07-28 05:40:00",3039,3.598,298.2,35.95,5.119,4.036,-41.26,-41.27,83.9
"2006-07-28 05:45:00",3040,2.119,309.3,28.99,3.257,3.89,-41.47,-41.47,83.8
"2006-07-28 05:50:00",3041,3.42,316.8,13.77,3.897,3.841,-57.3,-57.3,83.7
"2006-07-28 05:55:00",3042,3.554,318.4,13.45,4.047,3.987,-59.89,-59.89,83.6
"2006-07-28 06:00:00",3043,4.067,320.2,17.85,6.569,3.792,-61.12,-61.57,84.3
"2006-07-28 06:05:00",3044,2.222,329.2,16.05,3.325,3.89,-43.42,-43.42,83.7
"2006-07-28 06:10:00",3045,2.544,342.1,17.05,3.662,3.694,-36.95,-36.95,83.4
"2006-07-28 06:15:00",3046,3.566,341.3,12.44,5.011,4.122,-53.71,-53.71,82.3
"2006-07-28 06:20:00",3047,4.441,330.3,15.66,5.906,4.085,-64.51,-64.73,82.6
"2006-07-28 06:25:00",3048,3.949,335.3,14.13,4.573,3.743,-69.36,-69.36,84
"2006-07-28 06:30:00",3049,4.031,333.5,11.35,5.086,3.89,-69.44,-69.45,82.8
"2006-07-28 06:35:00",3050,3.992,328.4,11.55,5.145,4.207,-69.49,-69.52,80.6
"2006-07-28 06:40:00",3051,3.053,338.2,12.09,3.992,4.427,-62.69,-62.69,79.71
"2006-07-28 06:45:00",3052,3.802,327,5.883,4.697,4.256,-68.38,-68.38,81
"2006-07-28 06:50:00",3053,4.211,348.8,23.03,5.194,3.694,-59.56,-59.58,85
"2006-07-28 06:55:00",3054,4.622,355.9,16.9,5.299,3.756,-47.8,-47.84,83.3
"2006-07-28 07:00:00",3055,5.833,359.1,7.566,6.873,3.206,-39.29,-39.95,88
"2006-07-28 07:05:00",3056,5.462,8.24,7.795,6.667,3.06,-23.68,-24.03,89.6
"2006-07-28 07:10:00",3057,5.349,7.474,5.763,6.001,3.011,-16.58,-16.71,88.7
"2006-07-28 07:15:00",3058,5.99,2.024,3.59,6.984,3.011,-8.01,-8.19,89.4
"2006-07-28 07:20:00",3059,5.253,4.133,9.72,6.236,3.084,-4.67,-4.711,89
"2006-07-28 07:25:00",3060,4.971,1.47,7.252,5.713,2.913,-11.26,-11.33,89.4
"2006-07-28 07:30:00",3061,5.359,0.504,9.69,5.677,3.182,-11.29,-11.39,88.6
"2006-07-28 07:35:00",3062,4.566,346.6,10.9,5.089,3.353,-23.86,-23.87,87.5
"2006-07-28 07:40:00",3063,4.761,354.1,10.37,5.321,3.109,-22.27,-22.32,88.6
"2006-07-28 07:45:00",3064,4.58,350.4,13.12,5.315,3.255,-27.76,-27.79,88.2
"2006-07-28 07:50:00",3065,5.154,333.4,8.95,5.821,3.475,-34.23,-34.53,88.5
"2006-07-28 07:55:00",3066,4.092,340.5,5.509,4.671,3.548,-25.1,-25.1,88.4
"2006-07-28 08:00:00",3067,3.52,328.6,14.47,4.73,3.841,-2.258,-2.258,87.6
"2006-07-28 08:05:00",3068,3.395,325.3,14.26,4.521,3.865,-2.361,-2.361,86.6
"2006-07-28 08:10:00",3069,2.316,323.8,17.5,3.515,3.963,4.234,4.234,85.4
"2006-07-28 08:15:00",3070,3.361,332.4,9.2,4.181,3.974,6.595,6.595,85.7
"2006-07-28 08:20:00",3071,4.317,349.3,6.341,5.184,3.694,7.698,7.7,85.8
"2006-07-28 08:25:00",3072,4.367,355.7,8.93,5.259,3.572,-4.747,-4.751,85.9
"2006-07-28 08:30:00",3073,4.113,353.6,11.62,4.475,3.597,-9.47,-9.47,85.3
"2006-07-28 08:35:00",3074,4.347,341.9,15.39,4.844,4.109,-6.158,-6.158,81.8
"2006-07-28 08:40:00",3075,4.457,328.8,9.59,5.21,4.427,11.8,11.81,80.8
"2006-07-28 08:45:00",3076,4.197,339.4,8.97,4.923,4.134,37.85,37.85,82.5
"2006-07-28 08:50:00",3077,4.528,333.1,5.473,5.207,4.329,61.76,61.8,82.8
"2006-07-28 08:55:00",3078,3.865,339,9.35,4.56,4.474,61.55,61.55,81.1
"2006-07-28 09:00:00",3079,3.619,350,15.68,4.051,4.083,52.67,52.67,83.1
"2006-07-28 09:05:00",3080,3.92,349.8,9.93,5.044,3.742,55.03,55.04,85.4
"2006-07-28 09:10:00",3081,5.115,1.316,4.982,5.628,3.644,51.93,52.23,86.6
"2006-07-28 09:15:00",3082,5.261,351.1,5.092,5.893,3.899,172.6,173.7,85.2
"2006-07-28 09:20:00",3083,3.865,345.8,8.64,5.246,4.811,198,198.1,77.9
"2006-07-28 09:25:00",3084,4.31,348.6,11.96,5.455,4.417,165.6,165.7,80.4
"2006-07-28 09:30:00",3085,5.951,357.3,8.27,7,3.439,35.89,36.78,87.7
"2006-07-28 09:35:00",3086,6.248,339.6,7.576,6.968,3.337,123.6,127.5,90.9
"2006-07-28 09:40:00",3087,7.207,329.7,5.197,7.899,3.112,19.96,20.94,91.7
"2006-07-28 09:45:00",3088,6.262,329.8,5.132,7.226,3.647,60.72,62.51,86
"2006-07-28 09:50:00",3089,4.622,329.7,10.58,5.779,4.732,181.4,182,78.9
"2006-07-28 09:55:00",3090,4.29,322.1,6.069,4.665,4.794,215.6,215.6,78.09
"2006-07-28 10:00:00",3091,4.59,325.7,5.507,5.259,4.695,232.1,232.4,78.36
"2006-07-28 10:05:00",3092,1.605,254.7,58.13,3.799,4.84,192.8,192.8,81.6
"2006-07-28 10:10:00",3093,0.744,240.4,8.67,1.545,5.084,188.6,188.6,84
"2006-07-28 10:15:00",3094,0.453,335.6,6.279,1.075,5.761,201,201,78.28
"2006-07-28 10:20:00",3095,1.407,343.9,8.85,1.836,4.927,215.7,215.7,81.6
"2006-07-28 10:25:00",3096,1.33,339.8,32.66,2.094,4.925,217.9,217.9,79.2
"2006-07-28 10:30:00",3097,1.697,0.365,2.407,2.564,5.067,215.9,215.9,78.85
"2006-07-28 10:35:00",3098,0.041,67.09,58.06,0.154,6.843,231.9,231.9,71.68
"2006-07-28 10:40:00",3099,0.311,359.4,37.71,0.921,7.206,228.2,228.2,69.7
"2006-07-28 10:45:00",3100,1.818,333.9,8.5,2.666,5.375,275.9,275.9,78.43
"2006-07-28 10:50:00",3101,2.216,354.4,7.014,2.476,5.155,244.3,244.3,77.24
"2006-07-28 10:55:00",3102,2.677,5.058,5.64,3.201,4.566,249.4,249.4,78.15
"2006-07-28 11:00:00",3103,1.754,0.541,5.716,2.198,5.636,256.8,256.8,71.81
"2006-07-28 11:05:00",3104,0.247,308.4,23.78,0.601,6.853,264.7,264.7,65.87
"2006-07-28 11:10:00",3105,0.096,280,0.045,0.268,7.387,270.1,270.1,64.34
"2006-07-28 11:15:00",3106,0.036,285,1.869,0.189,8.95,272.3,272.3,60.04
"2006-07-28 11:20:00",3107,0.313,349.3,5.441,0.637,8.21,263.4,263.4,62.83
"2006-07-28 11:25:00",3108,0.384,344.3,1.205,0.755,7.815,266.6,266.6,65.69
"2006-07-28 11:30:00",3109,1.579,358.8,9.38,2.071,6.252,300.5,300.5,71.72
"2006-07-28 11:35:00",3110,1.407,354.9,6.311,1.784,6.19,307.6,307.6,76.05
"2006-07-28 11:40:00",3111,0.92,2.567,6.722,1.287,6.491,301.9,301.9,74.72
"2006-07-28 11:45:00",3112,1.808,351.4,2.062,2.094,5.876,324.8,324.8,76.9
"2006-07-28 11:50:00",3113,2.192,344.4,2.61,2.388,5.826,359.4,359.4,77.92
"2006-07-28 11:55:00",3114,2.041,344,4.44,2.434,5.994,359.5,359.5,77.81
"2006-07-28 12:00:00",3115,1.207,354.6,3.002,1.522,6.531,348.6,348.6,74.98
"2006-07-28 12:05:00",3116,0.58,52.47,17.59,1.036,7.579,352.9,352.9,69.94
"2006-07-28 12:10:00",3117,0.154,3.043,12.13,0.448,8.87,360.4,360.4,64.04
"2006-07-28 12:15:00",3118,1.314,338.6,5.083,1.963,6.712,391.3,391.3,71.06
"2006-07-28 12:20:00",3119,1.717,334.1,3.289,2.012,6.238,415.8,415.8,75.02
"2006-07-28 12:25:00",3120,1.382,334.7,4.285,1.571,6.434,404.7,404.7,74.07
"2006-07-28 12:30:00",3121,1.736,334.2,4.108,2.006,5.896,434.3,434.3,76.25
"2006-07-28 12:35:00",3122,1.609,344.6,6.903,2.091,6.347,428.3,428.3,75.84
"2006-07-28 12:40:00",3123,1.986,351.9,2.807,2.202,6.286,417.2,417.2,75.66
"2006-07-28 12:45:00",3124,2.231,350.9,1.718,2.345,6.285,449.7,449.7,75.63
"2006-07-28 12:50:00",3125,1.937,354,3.491,2.257,6.383,461.4,461.4,75.39
"2006-07-28 12:55:00",3126,1.553,354.6,2.929,1.829,6.773,461.9,461.9,73.45
"2006-07-28 13:00:00",3127,1.488,345.7,5.65,1.669,6.725,468.3,468.3,73.35
"2006-07-28 13:05:00",3128,1.418,340,1.7,1.597,6.871,570.2,570.2,72.63
"2006-07-28 13:10:00",3129,1.234,341.5,3.022,1.405,7.115,551.2,551.2,71.47
"2006-07-28 13:15:00",3130,0.951,358.6,6.16,1.039,7.261,447.3,447.3,70.79
"2006-07-28 13:20:00",3131,0.794,26.69,17.79,1.111,6.627,163.3,163.3,74.68
"2006-07-28 13:25:00",3132,0.133,65.42,19.58,0.588,6.724,141.4,141.4,75.15
"2006-07-28 13:30:00",3133,0.188,0.315,0,0.539,6.7,174.2,174.2,75.09
"2006-07-28 13:35:00",3134,0.925,0.109,13.63,1.088,7.066,577.4,577.4,73.21
"2006-07-28 13:40:00",3135,1.381,335.5,3.889,1.578,6.602,482.2,482.2,76.01
"2006-07-28 13:45:00",3136,0.326,320.3,8.77,1.029,7.651,483.2,483.2,70.65
"2006-07-28 13:50:00",3137,0.546,323.5,7.765,1.147,7.992,536.2,536.2,68.06
"2006-07-28 13:55:00",3138,1.317,336.9,2.831,1.483,7.163,583.1,583.1,72.02
"2006-07-28 14:00:00",3139,1.335,344.6,1.915,1.398,6.797,323,323,73.65
"2006-07-28 14:05:00",3140,0.772,340.7,0.528,1.166,7.21,352.7,352.7,71.5
"2006-07-28 14:10:00",3141,0.112,53.23,6.908,0.591,7.674,230.5,230.5,69.46
"2006-07-28 14:15:00",3142,0.965,31.49,6.94,1.153,6.773,281.9,281.9,74.06
"2006-07-28 14:20:00",3143,1.166,15.28,8.54,1.31,6.383,264.2,264.2,76.07
"2006-07-28 14:25:00",3144,1.102,4.502,3.952,1.333,6.383,291.2,291.2,76.93
"2006-07-28 14:30:00",3145,0.82,6.677,5.48,1.274,7.456,701.3,701.3,71.75
"2006-07-28 14:35:00",3146,1.737,12.49,3.128,2.038,6.968,497.5,497.5,74.54
"2006-07-28 14:40:00",3147,1.048,37.58,22.36,1.846,7.309,351.8,351.8,71.51
"2006-07-28 14:45:00",3148,0.229,298.8,23.36,0.712,7.505,382.6,382.6,69.29
"2006-07-28 14:50:00",3149,0.603,357.3,15.48,0.973,7.553,394.1,394.1,69.67
"2006-07-28 14:55:00",3150,1.426,6.163,5.056,1.725,6.919,282.6,282.6,71.92
"2006-07-28 15:00:00",3151,1.344,354.4,8.64,1.705,7.163,521.9,521.9,70.65
"2006-07-28 15:05:00",3152,1.017,344.9,6.844,1.444,7.285,319.7,319.7,69.8
"2006-07-28 15:10:00",3153,1.207,337.7,8.17,1.797,6.773,407.1,407.1,71.1
"2006-07-28 15:15:00",3154,1.633,345,10.62,2.009,6.432,298.3,298.3,72.53
"2006-07-28 15:20:00",3155,1.198,349.4,7.124,1.414,7.213,598.6,598.6,69.33
"2006-07-28 15:25:00",3156,1.485,338.2,4.661,1.97,7.066,626,626,67.76
"2006-07-28 15:30:00",3157,1.132,315.4,9.38,1.855,7.214,657.8,657.8,66.84
"2006-07-28 15:35:00",3158,0.086,341.6,22.33,0.31,8.53,640,640,62.37
"2006-07-28 15:40:00",3159,0.932,340.9,9.18,1.091,7.896,643.8,643.8,65.34
"2006-07-28 15:45:00",3160,0.612,342.1,12.14,0.859,8.04,613.6,613.6,65.13
"2006-07-28 15:50:00",3161,0.431,348.7,60.41,1.222,8.28,600.2,600.2,63.26
"2006-07-28 15:55:00",3162,1.08,334.3,5.612,1.287,7.651,610.5,610.5,67.08
"2006-07-28 16:00:00",3163,1.4,331.8,4.633,1.708,7.212,637.7,637.7,68.13
"2006-07-28 16:05:00",3164,1.607,331.3,2.667,1.953,6.627,366.9,366.9,71.44
"2006-07-28 16:10:00",3165,1.017,341.1,5.725,1.486,7.114,591.2,591.2,68.92
"2006-07-28 16:15:00",3166,0.937,348.3,7.583,1.085,7.285,598.1,598.1,67.69
"2006-07-28 16:20:00",3167,1.262,338,7.715,1.503,6.407,156.9,156.9,71.75
"2006-07-28 16:25:00",3168,1.587,334.4,5.335,1.793,6.529,146.6,146.6,71.64
"2006-07-28 16:30:00",3169,1.668,339.6,7.44,1.993,6.188,89.5,89.5,72.8
"2006-07-28 16:35:00",3170,0.98,331.8,9.11,1.267,6.444,125.6,125.6,71.78
"2006-07-28 16:40:00",3171,1.281,328.4,4.437,1.532,6.273,135.2,135.2,72.12
"2006-07-28 16:45:00",3172,1.513,332.3,5.944,1.94,6.094,148.2,148.2,73.11
"2006-07-28 16:50:00",3173,1.611,341.9,2.982,1.927,6.1,73.44,73.44,73.76
"2006-07-28 16:55:00",3174,1.09,331.1,6.337,1.398,6.444,83.7,83.7,73.02
"2006-07-28 17:00:00",3175,1.127,336,7.854,1.61,6.446,127.5,127.5,72.92
"2006-07-28 17:05:00",3176,1.058,354.6,9.8,1.437,6.498,83,83,72.92
"2006-07-28 17:10:00",3177,1.517,352.1,4.136,1.663,6.406,45.75,45.75,72.96
"2006-07-28 17:15:00",3178,1.882,336.2,2.668,2.159,6.384,91.4,91.4,72.45
"2006-07-28 17:20:00",3179,2.165,335.4,3.253,2.394,6.362,375,375,71.91
"2006-07-28 17:25:00",3180,1.914,333.6,3.091,2.136,6.613,448.9,448.9,71.06
"2006-07-28 17:30:00",3181,1.706,330.5,5.054,1.898,6.652,468.5,468.5,70.96
"2006-07-28 17:35:00",3182,1.308,334.6,9.87,1.806,7.105,436.2,436.2,69.63
"2006-07-28 17:40:00",3183,0.616,21.3,27.78,0.764,7.836,409.1,409.1,67.38
"2006-07-28 17:45:00",3184,0.85,14.17,11.96,1.003,7.805,406,406,67.14
"2006-07-28 17:50:00",3185,1.037,345.8,5.086,1.192,7.632,418,418,67.99
"2006-07-28 17:55:00",3186,0.986,354.2,7.501,1.473,7.875,398.5,398.5,67.78
"2006-07-28 18:00:00",3187,1.092,0.903,0.973,1.375,7.825,379.2,379.2,67.85
"2006-07-28 18:05:00",3188,1.406,354.1,22.04,1.708,7.475,372.7,372.7,69.17
"2006-07-28 18:10:00",3189,1.915,345.2,7.092,2.097,7.228,383.6,383.6,69.82
"2006-07-28 18:15:00",3190,1.943,338.4,2.652,2.104,7.129,375.3,375.3,70.16
"2006-07-28 18:20:00",3191,1.834,342.2,2.283,1.96,7.128,358.8,358.8,69.81
"2006-07-28 18:25:00",3192,1.658,344.3,2.497,1.852,7.214,341,341,69.2
"2006-07-28 18:30:00",3193,1.854,346.4,3.11,2.048,7.274,333.6,333.6,69
"2006-07-28 18:35:00",3194,1.558,351.2,3.944,1.901,7.421,315.4,315.4,68.35
"2006-07-28 18:40:00",3195,1.547,357.4,4.802,2.071,7.469,302.4,302.4,67.91
"2006-07-28 18:45:00",3196,1.656,2.694,6.962,2.016,7.518,292.9,292.9,67.43
"2006-07-28 18:50:00",3197,1.729,354.2,6.779,1.996,7.469,287.4,287.4,67.33
"2006-07-28 18:55:00",3198,1.901,352.4,5.018,2.241,7.469,283.2,283.2,67.39
"2006-07-28 19:00:00",3199,1.784,348.3,2.703,1.944,7.689,277.6,277.6,65.11
"2006-07-28 19:05:00",3200,1.955,341.5,5.16,2.172,7.078,275.2,275.2,66.54
"2006-07-28 19:10:00",3201,2.374,341.2,2.232,2.659,6.932,271.7,271.7,68.07
"2006-07-28 19:15:00",3202,1.625,347.4,3.112,1.875,7.343,246.2,246.2,65.28
"2006-07-28 19:20:00",3203,1.519,358.9,10.63,1.859,7.683,233.7,233.7,63.78
"2006-07-28 19:25:00",3204,1.238,3.282,5.618,1.512,7.681,219,219,63.74
"2006-07-28 19:30:00",3205,1.488,15.44,6.502,1.614,7.802,203.5,203.5,64.35
"2006-07-28 19:35:00",3206,1.221,12.36,8.36,1.545,7.898,198.4,198.4,63.81
"2006-07-28 19:40:00",3207,1.768,1.424,3.12,2.002,7.677,190.3,190.3,63.53
"2006-07-28 19:45:00",3208,2.038,343.3,8.44,2.283,7.457,199.6,199.6,63.94
"2006-07-28 19:50:00",3209,2.352,340.4,4.068,2.636,7.054,194.8,194.8,65.13
"2006-07-28 19:55:00",3210,1.625,352.7,6.541,2.316,7.323,168.5,168.5,64.83
"2006-07-28 20:00:00",3211,1.439,356.4,4.299,1.722,7.432,135.3,135.3,64.01
"2006-07-28 20:05:00",3212,1.864,341.5,4.211,2.212,6.676,-3.792,-3.792,66.56
"2006-07-28 20:10:00",3213,1.996,340.4,4.048,2.349,6.334,-35.49,-35.49,67.69
"2006-07-28 20:15:00",3214,1.765,339,7.524,1.973,6.29,-39.46,-39.46,67.56
"2006-07-28 20:20:00",3215,2.121,341.9,6.968,2.868,6.198,-40.23,-40.23,67.6
"2006-07-28 20:25:00",3216,2.636,337.8,5.447,2.904,6.151,-43.64,-43.64,67.77
"2006-07-28 20:30:00",3217,2.555,339.8,4.039,3.041,6.352,-43.93,-43.93,67.02
"2006-07-28 20:35:00",3218,1.934,344.8,3.517,2.44,6.455,-42.19,-42.19,66.28
"2006-07-28 20:40:00",3219,1.765,340.4,4.285,2.136,6.558,-43.55,-43.55,65.77
"2006-07-28 20:45:00",3220,2.199,343.1,1.484,2.31,6.59,-44.4,-44.4,65.64
"2006-07-28 20:50:00",3221,2.469,350.1,3.024,2.868,6.544,-41.66,-41.66,65.88
"2006-07-28 20:55:00",3222,1.944,351.9,6.576,2.218,6.667,-42.51,-42.51,65.13
"2006-07-28 21:00:00",3223,1.715,344.3,6.494,1.993,6.472,-44.94,-44.94,66.09
"2006-07-28 21:05:00",3224,1.772,345.2,7.256,2.228,6.131,-45.79,-45.79,67.38
"2006-07-28 21:10:00",3225,1.668,353.9,4.979,2.012,6.401,-43.79,-43.79,66.26
"2006-07-28 21:15:00",3226,1.679,347.6,5.174,1.898,6.677,-47.98,-47.98,64.9
"2006-07-28 21:20:00",3227,1.888,346.5,5.044,2.055,6.631,-48.46,-48.46,64.6
"2006-07-28 21:25:00",3228,1.816,346,6.39,2.087,6.631,-48.72,-48.72,64.22
"2006-07-28 21:30:00",3229,2.293,335.4,5.34,2.685,5.778,-50.93,-50.93,68.04
"2006-07-28 21:35:00",3230,1.98,343.1,9.22,2.705,5.851,-50.82,-50.82,68.28
"2006-07-28 21:40:00",3231,1.427,345.2,5.07,1.898,6.109,-51.03,-51.03,66.88
"2006-07-28 21:45:00",3232,1.519,342.2,9.28,1.918,6.292,-52.91,-52.91,66.24
"2006-07-28 21:50:00",3233,1.829,340.1,5.09,1.967,6.427,-54.88,-54.88,64.87
"2006-07-28 21:55:00",3234,2.15,340.1,2.542,2.411,6.001,-55.22,-55.22,66.51
"2006-07-28 22:00:00",3235,1.639,350.3,6.733,2.068,6.493,-53.4,-53.4,64.26
"2006-07-28 22:05:00",3236,1.536,353.6,2.627,1.967,6.642,-51.5,-51.5,63.24
"2006-07-28 22:10:00",3237,1.903,346.3,2.374,2.149,6.594,-56.84,-56.84,63.55
"2006-07-28 22:15:00",3238,2.41,337.6,7.696,3.479,5.449,-56.1,-56.1,68.09
"2006-07-28 22:20:00",3239,2.909,337.2,3.97,3.368,5.523,-63.95,-63.95,68.05
"2006-07-28 22:25:00",3240,2.051,342.7,3.132,2.427,5.987,-61.36,-61.36,65.94
"2006-07-28 22:30:00",3241,2.201,335,6.721,2.519,5.718,-62.79,-62.79,66.66
"2006-07-28 22:35:00",3242,1.482,336.1,5.309,2.604,5.523,-58.69,-58.69,68.29
"2006-07-28 22:40:00",3243,0.916,333.1,8.64,1.085,6.06,-58.66,-58.66,65.87
"2006-07-28 22:45:00",3244,1.42,333.9,10.44,1.673,5.572,-62.38,-62.38,67.2
"2006-07-28 22:50:00",3245,1.961,321.1,10.91,2.166,5.427,-68.85,-68.85,68.02
"2006-07-28 22:55:00",3246,2.327,328.6,3.987,2.466,5.598,-72.59,-72.59,66.83
"2006-07-28 23:00:00",3247,1.968,333.7,4.237,2.261,5.551,-69.23,-69.23,67.37
"2006-07-28 23:05:00",3248,1.79,335.1,4.199,2.254,5.822,-68.87,-68.87,65.6
"2006-07-28 23:10:00",3249,2.484,332.5,4.592,3.175,4.847,-68.26,-68.26,69.36
"2006-07-28 23:15:00",3250,2.373,337.7,5.024,3.084,5.388,-72.8,-72.8,67.59
"2006-07-28 23:20:00",3251,2.132,340.9,2.757,2.365,5.56,-70.11,-70.11,66.7
"2006-07-28 23:25:00",3252,2.003,336.1,5.409,2.47,5.341,-68.57,-68.57,68
"2006-07-28 23:30:00",3253,1.48,344.1,3.564,1.846,5.927,-67.24,-67.24,64.96
"2006-07-28 23:35:00",3254,2.599,335.4,4.924,3.178,5.111,-70.81,-70.81,67.59
"2006-07-28 23:40:00",3255,2.172,340.6,4.179,2.372,5.44,-71.5,-71.5,66.94
"2006-07-28 23:45:00",3256,1.862,345.6,6.491,2.084,5.832,-68.73,-68.73,65.17
"2006-07-28 23:50:00",3257,2.087,338.8,2.612,2.77,5.587,-68.35,-68.35,64.76
"2006-07-28 23:55:00",3258,2.878,329.7,3.263,3.133,4.736,-72.89,-72.89,69.06
"2006-07-29 00:00:00",3259,2.52,335.6,4.738,2.78,5.053,-75.09,-75.09,68.14
"2006-07-29 00:05:00",3260,1.878,334.9,7.18,2.038,5.445,-72.14,-72.14,66.23
"2006-07-29 00:10:00",3261,2.146,329.3,1.877,2.296,4.713,-71.04,-71.04,69.74
"2006-07-29 00:15:00",3262,1.925,329,4.489,2.146,5.034,-74.17,-74.17,68.48
"2006-07-29 00:20:00",3263,1.813,337.2,10.84,1.94,5.059,-68.65,-68.65,68.28
"2006-07-29 00:25:00",3264,2.01,336.8,2.633,2.231,5.057,-70.53,-70.53,67.87
"2006-07-29 00:30:00",3265,1.966,334.5,4.377,2.195,5.007,-71.3,-71.3,68.45
"2006-07-29 00:35:00",3266,2.416,333.3,8.48,2.685,4.714,-71.22,-71.22,69.88
"2006-07-29 00:40:00",3267,2.352,324.4,5.719,2.6,4.558,-73.58,-73.58,70.29
"2006-07-29 00:45:00",3268,2.253,319.7,11.6,2.577,4.57,-73.04,-73.04,70.74
"2006-07-29 00:50:00",3269,2.08,326.4,10.38,2.581,4.669,-70.96,-70.96,70.43
"2006-07-29 00:55:00",3270,1.858,325.1,15.96,2.27,4.621,-68.94,-68.94,70.43
"2006-07-29 01:00:00",3271,1.509,357,12.36,1.686,5.256,-62.45,-62.45,67.77
"2006-07-29 01:05:00",3272,1.117,0.678,0.907,1.431,5.597,-61.01,-61.01,66.06
"2006-07-29 01:10:00",3273,0.943,351.5,7.794,1.078,5.647,-62.81,-62.81,65.96
"2006-07-29 01:15:00",3274,1.664,332.2,7.43,2.617,4.743,-66.84,-66.84,68.62
"2006-07-29 01:20:00",3275,2.799,344.4,3.544,3.319,4.817,-71.92,-71.92,68.79
"2006-07-29 01:25:00",3276,1.901,345.4,4.804,2.123,5.501,-69.82,-69.82,64.66
"2006-07-29 01:30:00",3277,2.301,357.2,3.822,2.574,5.061,-60.15,-60.15,66.03
"2006-07-29 01:35:00",3278,2.115,357.7,5.174,2.401,5.403,-61.92,-61.92,65.31
"2006-07-29 01:40:00",3279,1.454,359,5.461,1.728,5.574,-62.82,-62.82,64.6
"2006-07-29 01:45:00",3280,1.821,1.437,11.72,2.234,4.915,-60.79,-60.79,66.71
"2006-07-29 01:50:00",3281,2.263,338.4,3.251,2.496,4.683,-72.54,-72.54,67.7
"2006-07-29 01:55:00",3282,1.871,340.2,5.11,2.443,4.964,-69.69,-69.69,66.71
"2006-07-29 02:00:00",3283,1.423,346.2,5.939,1.604,4.964,-65.23,-65.23,67.02
"2006-07-29 02:05:00",3284,1.366,339.7,4.903,1.803,4.964,-66.87,-66.87,67.33
"2006-07-29 02:10:00",3285,1.342,346.4,9.31,1.486,4.915,-65.05,-65.05,67.94
"2006-07-29 02:15:00",3286,1.211,353.1,4.349,1.48,5.001,-63.35,-63.35,67.29
"2006-07-29 02:20:00",3287,1.335,342.3,3.913,1.617,5.159,-67.82,-67.82,66.68
"2006-07-29 02:25:00",3288,1.015,346.3,13.44,1.323,5.013,-62.84,-62.84,67.22
"2006-07-29 02:30:00",3289,1.196,353.5,4.653,1.369,5.037,-63.71,-63.71,66.85
"2006-07-29 02:35:00",3290,1.225,15.97,7.035,1.359,5.11,-57.45,-57.45,66.37
"2006-07-29 02:40:00",3291,1.471,11.96,5.982,1.666,5.11,-58.33,-58.33,66.1
"2006-07-29 02:45:00",3292,1.435,352,10.03,1.591,5.013,-64.56,-64.56,66.61
"2006-07-29 02:50:00",3293,1.69,338,2.884,2.061,4.573,-69.38,-69.38,68.28
"2006-07-29 02:55:00",3294,1.858,339.5,5.083,2.169,4.573,-70.72,-70.72,69.41
"2006-07-29 03:00:00",3295,0.973,9.12,16.23,1.777,4.964,-61.58,-61.58,68.25
"2006-07-29 03:05:00",3296,1.35,4.642,5.97,1.483,4.708,-60.76,-60.76,68.32
"2006-07-29 03:10:00",3297,2.035,5.984,5.771,2.584,4.915,-58.76,-58.76,66.92
"2006-07-29 03:15:00",3298,2.623,352.8,4.483,2.93,4.769,-65.12,-65.12,67.29
"2006-07-29 03:20:00",3299,2.805,18.94,17.65,3.378,4.866,-60.43,-60.43,66.3
"2006-07-29 03:25:00",3300,1.005,356.3,43.21,2.316,4.647,-63.66,-63.66,67.46
"2006-07-29 03:30:00",3301,1.1,37.99,35.42,2.087,5.257,-63.41,-63.41,64.08
"2006-07-29 03:35:00",3302,1.588,70.54,11.54,1.859,4.769,-69.18,-69.18,66.41
"2006-07-29 03:40:00",3303,1.045,49.24,22.74,1.784,4.573,-63.12,-63.12,66.13
"2006-07-29 03:45:00",3304,1.112,47.5,13.52,1.512,4.769,-61.22,-61.22,65.62
"2006-07-29 03:50:00",3305,1.265,358.1,24.66,1.467,4.427,-63.61,-63.61,66.27
"2006-07-29 03:55:00",3306,1.055,358.6,40.84,1.774,4.476,-61.38,-61.38,65.89
"2006-07-29 04:00:00",3307,1.736,11.1,9.59,2.163,4.232,-61.69,-61.69,66.17
"2006-07-29 04:05:00",3308,2.507,2.033,4.393,3.469,4.634,-61.04,-61.04,64.8
"2006-07-29 04:10:00",3309,3.1,18.09,7.228,3.734,4.476,-59.17,-59.17,64.66
"2006-07-29 04:15:00",3310,2.444,16.14,9.15,3.172,4.329,-60.2,-60.2,64.49
"2006-07-29 04:20:00",3311,1.973,20.25,15.19,2.613,4.207,-61.97,-61.97,65.42
"2006-07-29 04:25:00",3312,1.878,31.61,18.37,2.682,3.597,-62.23,-62.23,68.38
"2006-07-29 04:30:00",3313,1.299,52.66,24.16,1.833,3.355,-62.82,-62.82,69.65
"2006-07-29 04:35:00",3314,0.954,98.9,31.97,1.849,3.549,-64.87,-64.87,69.07
"2006-07-29 04:40:00",3315,0.959,64.53,32.22,1.418,3.306,-62.35,-62.35,70.23
"2006-07-29 04:45:00",3316,1.298,30.19,34.23,2.006,3.604,-63.18,-63.18,67.98
"2006-07-29 04:50:00",3317,1.529,0.256,12.37,2.176,4.291,-65.18,-65.18,65.08
"2006-07-29 04:55:00",3318,1.068,19.96,20.39,1.937,4.536,-60.92,-60.92,63.82
"2006-07-29 05:00:00",3319,2.205,21.07,7.99,2.92,5.001,-57.84,-57.84,60.31
"2006-07-29 05:05:00",3320,2.688,43.14,19.08,4.528,5.136,-65.34,-65.34,60.17
"2006-07-29 05:10:00",3321,1.34,42.62,42.24,2.568,5.612,-66.47,-66.47,58.53
"2006-07-29 05:15:00",3322,1.035,54.41,36.3,1.548,5.513,-63.47,-63.47,59.08
"2006-07-29 05:20:00",3323,1.513,63.33,23.85,2.166,5.069,-67.93,-67.93,60.88
"2006-07-29 05:25:00",3324,1.644,74.95,9.93,2.094,5.163,-67.72,-67.72,60.33
"2006-07-29 05:30:00",3325,0.276,114.7,49.6,0.996,4.526,-63.05,-63.05,63.23
"2006-07-29 05:35:00",3326,2.174,34.37,10.89,2.434,3.695,-59.64,-59.64,67.02
"2006-07-29 05:40:00",3327,1.624,65.37,14.56,2.159,4.33,-66.1,-66.1,63.74
"2006-07-29 05:45:00",3328,1.994,78.58,7.544,2.398,4.185,-68.28,-68.28,64.97
"2006-07-29 05:50:00",3329,1.338,96.7,30.92,1.849,4.478,-64.72,-64.72,63.37
"2006-07-29 05:55:00",3330,0.846,302.4,28.78,1.803,4.089,-63.87,-63.87,64.87
"2006-07-29 06:00:00",3331,0.856,10.21,43.39,1.382,4.251,-57.43,-57.43,63.95
"2006-07-29 06:05:00",3332,1.558,69.67,30.83,2.025,4.118,-60.46,-60.46,64.4
"2006-07-29 06:10:00",3333,2.439,101.2,10.17,2.724,4.144,-62.95,-62.95,64.88
"2006-07-29 06:15:00",3334,1.895,102.9,11.92,2.192,4.341,-59.33,-59.33,63.79
"2006-07-29 06:20:00",3335,1.795,57.23,10.6,2.195,4.414,-61.31,-61.31,62.9
"2006-07-29 06:25:00",3336,1.669,41.76,10.48,2.029,4.488,-54.61,-54.61,62.7
"2006-07-29 06:30:00",3337,2.116,48.86,20.35,2.313,4.147,-55.54,-55.54,64.16
"2006-07-29 06:35:00",3338,1.574,61.29,44.73,2.016,3.609,-57.1,-57.1,65.94
"2006-07-29 06:40:00",3339,1.785,346.9,10.89,2.287,3.804,-61.82,-61.82,64.81
"2006-07-29 06:45:00",3340,3.002,351.3,9.01,3.437,3.804,-56.07,-56.07,64.16
"2006-07-29 06:50:00",3341,3.074,4.209,4.725,3.698,3.097,-47.84,-47.84,66.69
"2006-07-29 06:55:00",3342,3.818,9.16,8.4,4.423,3.097,-45.6,-45.6,66.18
"2006-07-29 07:00:00",3343,3.242,353.9,11.84,4.021,2.877,-49.84,-49.84,69.15
"2006-07-29 07:05:00",3344,2.388,13.71,9.89,3.201,3.61,-40.73,-40.73,64.2
"2006-07-29 07:10:00",3345,3.088,357.3,5.789,3.388,3.964,-41.7,-41.7,62.49
"2006-07-29 07:15:00",3346,3.003,355.1,5.248,3.355,3.61,-39.16,-39.16,64.4
"2006-07-29 07:20:00",3347,2.837,355.3,7.027,3.319,3.708,-37.93,-37.93,64.2
"2006-07-29 07:25:00",3348,2.705,359.9,7.173,2.963,3.952,-34.93,-34.93,63.11
"2006-07-29 07:30:00",3349,2.88,352.3,5.7,3.499,3.976,-36.75,-36.75,62.49
"2006-07-29 07:35:00",3350,2.806,347.7,5.963,3.26,3.756,-37.91,-37.91,63.86
"2006-07-29 07:40:00",3351,2.795,345.3,6.465,3.316,3.976,-40.06,-40.06,62.59
"2006-07-29 07:45:00",3352,2.981,356.2,6.581,3.427,4.098,-35.88,-35.88,61.81
"2006-07-29 07:50:00",3353,2.898,2.2,37.75,3.29,4.037,-32.05,-32.05,62.32
"2006-07-29 07:55:00",3354,2.974,350.5,5.467,3.316,4.098,-33.72,-33.72,62.35
"2006-07-29 08:00:00",3355,2.188,6.094,22.71,3.094,4.489,-31.95,-31.95,60.17
"2006-07-29 08:05:00",3356,2.023,0.691,9.94,2.519,4.342,-30.8,-30.8,61.02
"2006-07-29 08:10:00",3357,1.846,359.9,6.793,2.336,4.732,-29.49,-29.49,59.15
"2006-07-29 08:15:00",3358,1.947,348.4,3.239,2.264,4.926,-32.39,-32.39,59.14
"2006-07-29 08:20:00",3359,2.171,343.8,2.683,2.365,4.774,-31.08,-31.08,60.78
"2006-07-29 08:25:00",3360,2.397,347.5,5.814,2.555,4.577,-28.38,-28.38,62.21
"2006-07-29 08:30:00",3361,2.456,347.9,3.499,2.721,4.966,85,85,60.54
"2006-07-29 08:35:00",3362,2.056,357.2,4.137,2.584,5.234,138.3,138.3,58.76
"2006-07-29 08:40:00",3363,2.082,359.5,7.828,2.541,5.355,146.3,146.3,59.41
"2006-07-29 08:45:00",3364,2.278,9.14,6.378,2.502,5.159,151.4,151.4,59.17
"2006-07-29 08:50:00",3365,2.553,12.35,8.83,2.976,4.655,163,163,62.78
"2006-07-29 08:55:00",3366,1.955,29.15,38.88,2.747,5.249,174.9,174.9,58.41
"2006-07-29 09:00:00",3367,1.445,29.55,19.24,1.829,5.636,184.1,184.1,56.57
"2006-07-29 09:05:00",3368,1.254,15.25,17.19,1.849,5.838,197.8,197.8,55.99
"2006-07-29 09:10:00",3369,1.616,19.28,8.45,2.035,5.637,205,205,57.58
"2006-07-29 09:15:00",3370,1.444,10.81,6.147,1.751,5.768,221.8,221.8,57
"2006-07-29 09:20:00",3371,1.78,7.1,9.35,2.051,5.566,240.7,240.7,58.02
"2006-07-29 09:25:00",3372,1.649,359.4,5.371,1.855,5.806,248.6,248.6,56.79
"2006-07-29 09:30:00",3373,1.702,10.78,8.41,2.081,5.56,152.7,152.7,59.28
"2006-07-29 09:35:00",3374,2.075,9.14,6.963,2.783,5.559,235.8,235.8,56.62
"2006-07-29 09:40:00",3375,2.189,349.7,3.663,2.639,5.693,288.7,288.7,57.4
"2006-07-29 09:45:00",3376,2.044,350.5,5.545,2.541,6.092,293.2,293.2,54.43
"2006-07-29 09:50:00",3377,1.724,349.4,4.686,1.944,6.187,293.3,293.3,55.52
"2006-07-29 09:55:00",3378,1.84,359.5,7.642,2.3,6.232,307.4,307.4,54.7
"2006-07-29 10:00:00",3379,2.129,355.4,4.426,2.581,6.181,317.1,317.1,54.53
"2006-07-29 10:05:00",3380,2.273,348.2,2.312,2.479,6.278,336.5,336.5,53.57
"2006-07-29 10:10:00",3381,2.187,351.3,2.784,2.3,6.229,341.5,341.5,54.97
"2006-07-29 10:15:00",3382,2.391,348.6,3.268,2.6,6.033,363.5,363.5,55.48
"2006-07-29 10:20:00",3383,2.118,353.3,3.162,2.411,6.143,362.2,362.2,54.46
"2006-07-29 10:25:00",3384,1.75,355,6.126,2.254,6.472,377.6,377.6,53.27
"2006-07-29 10:30:00",3385,2.27,353.9,2.698,2.365,6.516,386.5,386.5,52.82
"2006-07-29 10:35:00",3386,1.86,349,7.712,2.136,6.707,409.3,409.3,51.55
"2006-07-29 10:40:00",3387,1.786,350.7,8.75,2.012,6.826,420.4,420.4,50.02
"2006-07-29 10:45:00",3388,0.922,15.16,18.55,1.421,7.435,413.8,413.8,49.23
"2006-07-29 10:50:00",3389,1.435,15.6,12.16,1.97,7.212,415.3,415.3,49.09
"2006-07-29 10:55:00",3390,2.027,351.9,9.5,2.3,6.646,438.2,438.2,51.55
"2006-07-29 11:00:00",3391,2.277,352.4,5.672,2.404,6.545,433.7,433.7,51.41
"2006-07-29 11:05:00",3392,2.549,339,2.744,2.786,6.397,469.3,469.3,52.09
"2006-07-29 11:10:00",3393,2.137,340.6,2.059,2.427,6.689,449.9,449.9,50.32
"2006-07-29 11:15:00",3394,2.25,339.7,2.158,2.489,6.348,406,406,52.12
"2006-07-29 11:20:00",3395,2.432,341.3,1.593,2.584,6.421,435.7,435.7,51.85
"2006-07-29 11:25:00",3396,2.304,342.1,5.544,2.682,6.457,440.3,440.3,52.84
"2006-07-29 11:30:00",3397,1.858,346,7.757,2.084,6.738,436.9,436.9,50.28
"2006-07-29 11:35:00",3398,1.823,358.6,7.471,2.114,6.811,441.3,441.3,51.24
"2006-07-29 11:40:00",3399,1.511,14.15,12.18,2.061,6.689,430.5,430.5,51.88
"2006-07-29 11:45:00",3400,1.475,355.2,8.82,1.702,6.982,475.5,475.5,49.46
"2006-07-29 11:50:00",3401,1.641,3.147,10.14,1.973,6.933,505.6,505.6,51.13
"2006-07-29 11:55:00",3402,1.576,16.67,18.21,2.087,6.738,517.9,517.9,52.33
"2006-07-29 12:00:00",3403,1.106,14.42,26.15,1.744,7.128,499.8,499.8,49.91
"2006-07-29 12:05:00",3404,0.992,9.38,21.06,1.708,7.372,458.7,458.7,49.46
"2006-07-29 12:10:00",3405,1.456,20.93,14.05,2.208,7.079,397.4,397.4,50.62
"2006-07-29 12:15:00",3406,1.444,27.42,16.03,2.47,6.981,420.4,420.4,50.21
"2006-07-29 12:20:00",3407,1.52,16.22,15.34,2.065,7.005,488.9,488.9,50.93
"2006-07-29 12:25:00",3408,1.441,17.75,19.26,1.806,6.907,536,536,51.54
"2006-07-29 12:30:00",3409,0.95,30.14,20.44,1.398,7.272,533.6,533.6,48.88
"2006-07-29 12:35:00",3410,0.846,55.97,19.22,1.016,7.59,467.1,467.1,48.95
"2006-07-29 12:40:00",3411,0.689,70.92,37.84,1.052,7.574,429.4,429.4,49.29
"2006-07-29 12:45:00",3412,0.432,96.8,34.82,0.875,7.853,450.2,450.2,48.3
"2006-07-29 12:50:00",3413,0.933,102.6,32.08,1.594,7.51,418.6,418.6,49.8
"2006-07-29 12:55:00",3414,0.639,39.91,16.84,1.029,7.291,387.2,387.2,50.41
"2006-07-29 13:00:00",3415,0.35,30.34,64.96,0.689,7.416,393.5,393.5,49.63
"2006-07-29 13:05:00",3416,0.667,55.62,38.43,1.196,7.319,414.3,414.3,50.96
"2006-07-29 13:10:00",3417,0.489,46.3,28.92,0.908,7.37,436.3,436.3,50.28
"2006-07-29 13:15:00",3418,0.985,58.07,29.03,1.522,7.127,497.3,497.3,50.48
"2006-07-29 13:20:00",3419,0.81,103.2,30.1,1.467,7.42,456.1,456.1,49.02
"2006-07-29 13:25:00",3420,0.641,26.32,14.69,1.209,7.224,389,389,51.06
"2006-07-29 13:30:00",3421,1.223,46.44,34.16,1.82,6.542,401.4,401.4,53.79
"2006-07-29 13:35:00",3422,1.204,15.31,19.53,1.872,6.591,397.6,397.6,52.6
"2006-07-29 13:40:00",3423,0.908,21.37,18.39,1.604,7.006,490.9,490.9,50.25
"2006-07-29 13:45:00",3424,0.862,19.97,20.92,1.496,7.372,568.6,568.6,47.89
"2006-07-29 13:50:00",3425,0.687,92,29.05,1.235,8.05,591.1,591.1,46.57
"2006-07-29 13:55:00",3426,1.096,73.49,52.73,1.646,7.713,583.6,583.6,49.29
"2006-07-29 14:00:00",3427,1.729,13.34,16.52,2.757,6.738,580.6,580.6,54.13
"2006-07-29 14:05:00",3428,2.469,350.8,7.922,3.087,6.005,626.4,626.4,54.23
"2006-07-29 14:10:00",3429,1.714,42.73,72.73,3.58,6.32,569,569,55.02
"2006-07-29 14:15:00",3430,1.473,48.71,24.4,2.306,6.493,563.8,563.8,54.06
"2006-07-29 14:20:00",3431,0.932,17.44,35.71,1.725,6.712,559,559,52.36
"2006-07-29 14:25:00",3432,1.166,48.92,30.37,1.712,7.029,525.5,525.5,51.78
"2006-07-29 14:30:00",3433,1.276,70.91,32.84,1.869,6.981,517.4,517.4,52.6
"2006-07-29 14:35:00",3434,0.764,83.7,31.3,1.166,7.128,462.1,462.1,50.76
"2006-07-29 14:40:00",3435,0.329,121.5,50.79,0.519,7.396,478.2,478.2,49.94
"2006-07-29 14:45:00",3436,0.722,62.83,51.87,1.134,7.372,506.1,506.1,50.45
"2006-07-29 14:50:00",3437,1.052,62.98,23.21,1.45,7.03,525.5,525.5,50.89
"2006-07-29 14:55:00",3438,0.393,102.3,56.32,0.875,7.53,556.6,556.6,50.18
"2006-07-29 15:00:00",3439,0.891,67.53,14.91,1.424,7.201,520.7,520.7,51.64
"2006-07-29 15:05:00",3440,0.744,34.9,37.3,1.287,7.226,531.4,531.4,51.2
"2006-07-29 15:10:00",3441,0.908,124.7,25.86,1.284,7.03,525.3,525.3,51.75
"2006-07-29 15:15:00",3442,1.652,151.6,10.37,1.98,6.848,500.4,500.4,51.17
"2006-07-29 15:20:00",3443,0.449,170.4,25.03,1.578,7.335,563.9,563.9,49.29
"2006-07-29 15:25:00",3444,1.79,151.2,16.59,2.123,6.787,527.6,527.6,51.61
"2006-07-29 15:30:00",3445,1.059,180,16.23,1.633,6.64,543.4,543.4,53.89
"2006-07-29 15:35:00",3446,0.521,321.8,55.07,1.173,7.029,551.5,551.5,51.92
"2006-07-29 15:40:00",3447,1.206,17.55,18.9,1.565,6.737,554.7,554.7,52.63
"2006-07-29 15:45:00",3448,1.514,26.19,22.14,2.27,6.969,564.7,564.7,50.59
"2006-07-29 15:50:00",3449,1.15,9.93,25.63,1.738,7.457,591.8,591.8,48.85
"2006-07-29 15:55:00",3450,0.987,38.29,19.09,1.63,7.665,570.8,570.8,47.79
"2006-07-29 16:00:00",3451,1.631,2.925,6.219,2.084,7.469,577.1,577.1,49.36
"2006-07-29 16:05:00",3452,1.387,16.06,19,1.937,7.431,564,564,50.31
"2006-07-29 16:10:00",3453,1.799,358.9,17.03,2.479,7.37,552.7,552.7,50.79
"2006-07-29 16:15:00",3454,1.082,20.99,36.11,1.708,7.807,506.9,506.9,45.68
"2006-07-29 16:20:00",3455,0.709,347.9,12.52,1.548,7.856,513.9,513.9,46.5
"2006-07-29 16:25:00",3456,1.116,54.42,75.61,2.038,7.856,502.1,502.1,47.28
"2006-07-29 16:30:00",3457,0.864,12.39,26.02,1.362,7.857,499.8,499.8,46.56
"2006-07-29 16:35:00",3458,0.674,114.8,71.12,1.29,7.978,475.4,475.4,47.25
"2006-07-29 16:40:00",3459,1.006,198.4,27.64,1.836,7.904,461.9,461.9,48.85
"2006-07-29 16:45:00",3460,1.095,186.7,28.55,1.682,7.561,448.5,448.5,48.88
"2006-07-29 16:50:00",3461,1.069,169.9,13.47,1.519,7.807,443.9,443.9,48.64
"2006-07-29 16:55:00",3462,1.407,166.9,15.74,2.261,7.296,420.3,420.3,50.14
"2006-07-29 17:00:00",3463,1.3,172.4,8.58,1.993,7.418,424.5,424.5,50.31
"2006-07-29 17:05:00",3464,1.357,166.1,12.98,1.829,7.225,407.1,407.1,50.86
"2006-07-29 17:10:00",3465,1.107,164.4,17.29,1.826,7.601,402.1,402.1,47.93
"2006-07-29 17:15:00",3466,1.806,142.3,14.9,2.728,6.956,377.9,377.9,52.29
"2006-07-29 17:20:00",3467,1.557,160.5,7.253,1.983,6.81,358.4,358.4,52.97
"2006-07-29 17:25:00",3468,1.292,183.9,15.81,2.633,7.273,306.3,306.3,49.94
"2006-07-29 17:30:00",3469,0.834,147.9,28.64,1.731,6.933,267.5,267.5,51.75
"2006-07-29 17:35:00",3470,1.92,161,10.1,2.666,7.128,230.5,230.5,50.72
"2006-07-29 17:40:00",3471,1.548,165.2,35.23,2.202,6.323,226.5,226.5,55.63
"2006-07-29 17:45:00",3472,1.895,171,7.628,2.715,6.116,210.2,210.2,55.77
"2006-07-29 17:50:00",3473,0.67,169.2,31.69,1.548,6.396,203.7,203.7,54.71
"2006-07-29 17:55:00",3474,0.821,59.36,32.23,1.13,6.348,188.3,188.3,55.29
"2006-07-29 18:00:00",3475,1.786,28.68,16.67,2.793,6.059,176.7,176.7,57.82
"2006-07-29 18:05:00",3476,1.404,35.5,27.99,2.76,6.258,195.1,195.1,54.1
"2006-07-29 18:10:00",3477,0.852,32.72,21.61,1.689,6.639,224.8,224.8,53.53
"2006-07-29 18:15:00",3478,0.793,31.98,13.49,1.225,7.129,293.2,293.2,51.28
"2006-07-29 18:20:00",3479,0.609,23.92,19,1.039,7.483,328.5,328.5,50.49
"2006-07-29 18:25:00",3480,1.18,20.36,16.23,1.643,7.093,302.7,302.7,51.48
"2006-07-29 18:30:00",3481,0.91,47.66,22.82,1.271,7.093,272.9,272.9,52.16
"2006-07-29 18:35:00",3482,0.483,25.76,40.93,0.787,7.288,263.9,263.9,51.14
"2006-07-29 18:40:00",3483,0.371,1.903,2.248,0.791,7.581,277.5,277.5,50.46
"2006-07-29 18:45:00",3484,0.629,5.366,10.75,1.114,7.495,277,277,50.7
"2006-07-29 18:50:00",3485,0.131,45.32,50.3,0.389,8.09,261.6,261.6,49.64
"2006-07-29 18:55:00",3486,0.326,61.67,43.4,0.764,8.01,247.2,247.2,49.64
"2006-07-29 19:00:00",3487,0.754,57.8,42.99,1.575,7.374,216.9,216.9,51.44
"2006-07-29 19:05:00",3488,0.714,24.64,18.62,1.006,7.031,173.9,173.9,52.63
"2006-07-29 19:10:00",3489,1.072,344.3,13.86,1.421,6.592,181.2,181.2,53.89
"2006-07-29 19:15:00",3490,1.178,338,14.85,1.617,6.299,178.5,178.5,58.09
"2006-07-29 19:20:00",3491,0.862,345.1,16.26,1.457,6.299,189.1,189.1,57.13
"2006-07-29 19:25:00",3492,1.296,359.1,3.788,1.842,6.396,187.6,187.6,55.22
"2006-07-29 19:30:00",3493,1.714,347.2,7.1,1.953,6.494,196.4,196.4,54.85
"2006-07-29 19:35:00",3494,1.361,355,7.092,1.718,6.933,185.5,185.5,53.62
"2006-07-29 19:40:00",3495,1.131,340.6,12.47,1.797,6.982,170.7,170.7,53.14
"2006-07-29 19:45:00",3496,1.766,338.7,2.985,2.238,6.25,167.3,167.3,56.25
"2006-07-29 19:50:00",3497,1.544,339.4,6.551,1.98,6.055,156.5,156.5,58.6
"2006-07-29 19:55:00",3498,1.883,334.3,8.24,2.11,5.714,136.9,136.9,60.34
"2006-07-29 20:00:00",3499,1.89,336.7,6.02,2.31,5.472,74.85,74.85,60.82
"2006-07-29 20:05:00",3500,2.058,333.2,5.09,2.29,4.838,5.793,5.793,63.95
"2006-07-29 20:10:00",3501,1.998,320.2,8.22,2.247,5.234,-6.332,-6.332,60.65
"2006-07-29 20:15:00",3502,1.732,335.3,6.974,1.96,5.14,-6.332,-6.332,62.22
"2006-07-29 20:20:00",3503,1.994,336.8,4.304,2.424,4.999,-7.946,-7.946,62.29
"2006-07-29 20:25:00",3504,1.293,330.6,9.28,1.699,4.773,-7.613,-7.613,64.41
"2006-07-29 20:30:00",3505,1.263,321.4,6.714,1.771,4.714,-9.02,-9.02,63.97
"2006-07-29 20:35:00",3506,0.863,302.4,13.27,1.477,5.105,-9.43,-9.43,61.48
"2006-07-29 20:40:00",3507,1.435,318.2,2.922,1.806,5.057,-12.41,-12.41,62.4
"2006-07-29 20:45:00",3508,1.157,331.5,6.071,1.542,5.307,-12.51,-12.51,60.77
"2006-07-29 20:50:00",3509,1.202,335.4,6.42,1.473,5.36,-13.77,-13.77,60.98
"2006-07-29 20:55:00",3510,1.37,344.8,9.22,1.803,5.069,-15.8,-15.8,61.94
"2006-07-29 21:00:00",3511,0.91,338.1,17.92,1.281,5.29,-18.85,-18.85,60.44
"2006-07-29 21:05:00",3512,1.402,333,6.985,2.045,5.022,-21.9,-21.9,61.97
"2006-07-29 21:10:00",3513,1.485,349,9.52,1.771,5.413,-24.03,-24.03,59.86
"2006-07-29 21:15:00",3514,1.192,3.631,4.457,1.454,5.755,-21.39,-21.39,58.63
"2006-07-29 21:20:00",3515,1.682,344.4,8.25,2.061,5.296,-26.37,-26.37,60.85
"2006-07-29 21:25:00",3516,2.197,341,8.44,2.489,4.983,-27.65,-27.65,62.46
"2006-07-29 21:30:00",3517,1.878,339.5,3.159,2.153,5.095,-30.21,-30.21,61.61
"2006-07-29 21:35:00",3518,1.969,331.5,6.637,2.123,4.961,-32.09,-32.09,61.5
"2006-07-29 21:40:00",3519,1.995,338,2.419,2.149,5.047,-32.17,-32.17,60.86
"2006-07-29 21:45:00",3520,1.814,339,6.991,2.156,4.986,-32.88,-32.88,61.81
"2006-07-29 21:50:00",3521,2.03,340.5,5.953,2.362,4.681,-32.27,-32.27,62.94
"2006-07-29 21:55:00",3522,1.476,333,3.97,1.728,4.889,-35.32,-35.32,62.12
"2006-07-29 22:00:00",3523,1.126,326.7,6.2,1.431,4.817,-35.71,-35.71,61.81
"2006-07-29 22:05:00",3524,1.303,325.3,9.3,2.081,4.75,-37.86,-37.86,62.74
"2006-07-29 22:10:00",3525,1.751,333.3,6.263,1.989,4.41,-41.2,-41.2,65.06
"2006-07-29 22:15:00",3526,1.435,321.2,8.93,2.074,4.12,-41.79,-41.79,65.85
"2006-07-29 22:20:00",3527,1.596,324.4,9.59,1.921,4.12,-44.15,-44.15,66.63
"2006-07-29 22:25:00",3528,1.453,325.7,11.18,1.918,4.267,-46.94,-46.94,65.4
"2006-07-29 22:30:00",3529,0.998,336.9,12.4,1.62,4.366,-44.69,-44.69,64.76
"2006-07-29 22:35:00",3530,1.121,4.191,22.75,1.441,4.575,-44.54,-44.54,62.85
"2006-07-29 22:40:00",3531,0.59,35.33,49.95,1.352,4.906,-45.54,-45.54,61.59
"2006-07-29 22:45:00",3532,1.761,21.05,11.06,2.372,4.566,-46.54,-46.54,62.54
"2006-07-29 22:50:00",3533,1.163,356.6,11.76,1.741,4.985,-49.95,-49.95,61.25
"2006-07-29 22:55:00",3534,2.313,336,4.327,2.734,4.765,-60.03,-60.03,61.62
"2006-07-29 23:00:00",3535,2.392,335.7,3.127,2.558,4.472,-60.32,-60.32,62.92
"2006-07-29 23:05:00",3536,2.318,336.4,6.455,2.528,4.569,-62.37,-62.37,63.06
"2006-07-29 23:10:00",3537,1.27,348.6,21.02,1.708,4.742,-55.08,-55.08,61.32
"2006-07-29 23:15:00",3538,0.85,11.54,14.9,1.369,5.033,-51.47,-51.47,59.41
"2006-07-29 23:20:00",3539,2.282,345,3.468,2.862,4.949,-62.04,-62.04,59.51
"2006-07-29 23:25:00",3540,2.564,352.6,8.19,2.989,4.816,-57.88,-57.88,60.5
"2006-07-29 23:30:00",3541,2.009,356.7,8.79,2.427,4.962,-54.75,-54.75,59.68
"2006-07-29 23:35:00",3542,1.997,351.2,10.59,2.401,4.988,-57.45,-57.45,57.87
"2006-07-29 23:40:00",3543,1.464,346.9,7.971,1.842,5.182,-57.04,-57.04,56.78
"2006-07-29 23:45:00",3544,1.2,358.4,9.63,1.519,5.108,-54.5,-54.5,58.49
"2006-07-29 23:50:00",3545,1.789,342.3,6.525,2.12,4.62,-59.4,-59.4,59.68
"2006-07-29 23:55:00",3546,1.406,335,14.49,1.967,4.243,-58.86,-58.86,62.38
"2006-07-30 00:00:00",3547,1.57,350.9,14.74,2.584,4.353,-58.76,-58.76,60.81
"2006-07-30 00:05:00",3548,1.269,6.761,12.86,1.996,4.694,-56.06,-56.06,58.66
"2006-07-30 00:10:00",3549,0.458,47.26,43.76,0.813,5.061,-53.47,-53.47,56.78
"2006-07-30 00:15:00",3550,0.854,328.3,13.26,1.405,4.402,-60.66,-60.66,60.95
"2006-07-30 00:20:00",3551,0.382,350.5,7.778,0.941,4.5,-56.76,-56.76,59.34
"2006-07-30 00:25:00",3552,0.741,343.2,25.19,1.078,4.647,-58.81,-58.81,59.48
"2006-07-30 00:30:00",3553,0.608,346.1,22.61,1.078,4.378,-59.15,-59.15,61.29
"2006-07-30 00:35:00",3554,1.137,333.9,7.822,1.287,3.792,-62.58,-62.58,64.32
"2006-07-30 00:40:00",3555,1.62,319.1,5.444,2.094,3.255,-66.87,-66.87,67.09
"2006-07-30 00:45:00",3556,1.839,325.6,11.21,2.14,3.255,-69.2,-69.2,67.67
"2006-07-30 00:50:00",3557,1.833,333.7,4.113,2.032,3.548,-70.13,-70.13,65.28
"2006-07-30 00:55:00",3558,1.474,320.5,4.88,1.738,3.77,-68.82,-68.82,64.29
"2006-07-30 01:00:00",3559,1.625,330.2,10.72,2.114,3.551,-68.1,-68.1,65.04
"2006-07-30 01:05:00",3560,1.871,333.2,6.006,2.123,3.69,-69.08,-69.08,64.67
"2006-07-30 01:10:00",3561,2.196,333.8,6.843,2.283,3.703,-69.46,-69.46,65.08
"2006-07-30 01:15:00",3562,2.333,335.4,2.241,2.509,3.363,-68.08,-68.08,66.48
"2006-07-30 01:20:00",3563,2.234,327.5,8.99,2.499,3.121,-68.39,-68.39,68.67
"2006-07-30 01:25:00",3564,2.186,327.7,7.654,2.411,3.097,-71.37,-71.37,68.05
"2006-07-30 01:30:00",3565,1.638,323,8.95,2.381,3.512,-68.65,-68.65,66.48
"2006-07-30 01:35:00",3566,1.609,330.9,6.199,1.895,3.366,-67.19,-67.19,66.21
"2006-07-30 01:40:00",3567,1.839,327.1,6.172,2.127,2.975,-67.34,-67.34,69.25
"2006-07-30 01:45:00",3568,1.691,315.8,23.33,2.287,3.292,-66.52,-66.52,66.96
"2006-07-30 01:50:00",3569,1.655,312,15.1,2.163,3.122,-65.96,-65.96,67.75
"2006-07-30 01:55:00",3570,1.911,321.1,6.12,2.182,3.024,-67.73,-67.73,68.74
"2006-07-30 02:00:00",3571,1.775,324.2,8.29,1.934,2.877,-66.58,-66.58,68.81
"2006-07-30 02:05:00",3572,1.802,333.7,9.35,2.166,3.122,-66.87,-66.87,67.68
"2006-07-30 02:10:00",3573,1.909,338.1,7.844,2.202,3.025,-65.4,-65.4,67.99
"2006-07-30 02:15:00",3574,2.088,335.5,5.299,2.323,3.086,-67.48,-67.48,67.27
"2006-07-30 02:20:00",3575,1.686,321.6,13.63,1.96,3.415,-66.38,-66.38,66.01
"2006-07-30 02:25:00",3576,1.22,311.5,23.46,1.771,3.268,-60.73,-60.73,67.2
"2006-07-30 02:30:00",3577,2.035,322,11.06,2.757,3.024,-67.92,-67.92,66.69
"2006-07-30 02:35:00",3578,1.578,343.7,9.76,1.94,3.512,-65.56,-65.56,64.71
"2006-07-30 02:40:00",3579,1.462,338.2,4.522,2.104,3.318,-64.45,-64.45,65.15
"2006-07-30 02:45:00",3580,1.9,342.3,5.747,2.277,3.418,-66.76,-66.76,64.1
"2006-07-30 02:50:00",3581,1.727,342.3,4.268,1.953,3.563,-66.33,-66.33,62.9
"2006-07-30 02:55:00",3582,1.712,344.5,2.208,2.025,3.612,-65.61,-65.61,62.8
"2006-07-30 03:00:00",3583,1.745,338.3,2.647,1.947,3.538,-67.59,-67.59,63.48
"2006-07-30 03:05:00",3584,1.934,338.1,3.28,2.107,3.367,-68.1,-68.1,64.44
"2006-07-30 03:10:00",3585,2.203,358.8,10.63,2.907,3.134,-61.86,-61.86,61.78
"2006-07-30 03:15:00",3586,2.576,1.504,4.701,2.862,2.929,-61.27,-61.27,59.87
"2006-07-30 03:20:00",3587,1.96,348.5,5.947,2.257,3.369,-67.33,-67.33,57.95
"2006-07-30 03:25:00",3588,1.837,339.8,4.795,2.329,3.575,-70.13,-70.13,55.91
"2006-07-30 03:30:00",3589,1.94,353.7,11.02,2.541,3.723,-65.81,-65.81,53.89
"2006-07-30 03:35:00",3590,1.75,6.109,10.03,2.917,3.513,-62.48,-62.48,55.46
"2006-07-30 03:40:00",3591,1.647,340.9,11.01,2.597,3.367,-69.72,-69.72,56.18
"2006-07-30 03:45:00",3592,1.048,319.2,17.81,1.757,3.074,-67.89,-67.89,59.32
"2006-07-30 03:50:00",3593,1.119,318,15.69,1.408,2.915,-68.59,-68.59,59.59
"2006-07-30 03:55:00",3594,1.598,327.8,7.267,1.829,2.928,-74.77,-74.77,59.01
"2006-07-30 04:00:00",3595,1.105,7.268,13.86,1.614,3.415,-65.17,-65.17,56.59
"2006-07-30 04:05:00",3596,1.379,8.4,5.489,1.882,3.317,-65.61,-65.61,55.56
"2006-07-30 04:10:00",3597,0.92,16.31,9.33,1.267,3.537,-63.66,-63.66,53.24
"2006-07-30 04:15:00",3598,0.882,15.01,7.085,1.085,3.586,-64.56,-64.56,52.7
"2006-07-30 04:20:00",3599,0.304,359.5,7.189,0.869,3.586,-63.76,-63.76,52.53
"2006-07-30 04:25:00",3600,1.178,4.386,5.78,1.571,3.171,-66.79,-66.79,54.54
"2006-07-30 04:30:00",3601,1.033,352.2,7.854,1.218,3.109,-70.46,-70.46,55.12
"2006-07-30 04:35:00",3602,1.427,358.4,6.475,1.744,3.122,-69.72,-69.72,53.45
"2006-07-30 04:40:00",3603,2.2,351.6,3.399,2.541,3.124,-70.31,-70.31,52.73
"2006-07-30 04:45:00",3604,2.865,356.2,5.354,3.107,2.638,-68.28,-68.28,54.88
"2006-07-30 04:50:00",3605,2.602,5.42,4.281,2.989,3.033,-66.82,-66.82,53.25
"2006-07-30 04:55:00",3606,3.167,17.85,9.88,3.423,2.132,-64.38,-64.38,56.19
"2006-07-30 05:00:00",3607,2.856,12.83,13.25,3.521,2.4,-66.94,-66.94,53.22
"2006-07-30 05:05:00",3608,2.528,356.6,6.519,3.071,3.207,-72.36,-72.36,47.99
"2006-07-30 05:10:00",3609,2.149,4.385,6.038,2.659,3.256,-68.87,-68.87,47.65
"2006-07-30 05:15:00",3610,2.61,1.39,3.136,3.002,3.183,-67.59,-67.59,48.4
"2006-07-30 05:20:00",3611,1.788,9.77,11.84,2.071,3.403,-67,-67,45.43
"2006-07-30 05:25:00",3612,2.717,7.285,3.689,3.221,2.89,-67.07,-67.07,50.38
"2006-07-30 05:30:00",3613,3.187,8.71,4.711,3.541,1.62,-67.25,-67.25,55.54
"2006-07-30 05:35:00",3614,2.707,29.65,18.78,3.606,1.865,-68.05,-68.05,52.5
"2006-07-30 05:40:00",3615,2.293,73.9,23.91,3.018,3.366,-76.6,-76.6,42.53
"2006-07-30 05:45:00",3616,1.203,103.8,35.09,1.918,4.331,-65.97,-65.97,40.69
"2006-07-30 05:50:00",3617,1.746,12.32,18.78,2.218,3.122,-64.35,-64.35,44.92
"2006-07-30 05:55:00",3618,1.734,350,13.8,2.715,3.28,-65.74,-65.74,44.65
"2006-07-30 06:00:00",3619,2.744,359.4,5.461,3.234,3.085,-64.51,-64.51,45.09
"2006-07-30 06:05:00",3620,1.753,13.3,6.553,2.705,3.328,-57.09,-57.09,44.55
"2006-07-30 06:10:00",3621,1.688,11.28,14.04,2.702,3.132,-55.75,-55.75,44.89
"2006-07-30 06:15:00",3622,1.105,21.43,27.35,1.895,3.277,-54.21,-54.21,41.64
"2006-07-30 06:20:00",3623,2.074,34.55,29.37,2.698,3.438,-55.06,-55.06,44.07
"2006-07-30 06:25:00",3624,1.464,102.6,19.24,2.277,3.901,-55.24,-55.24,41.81
"2006-07-30 06:30:00",3625,1.212,131.1,27.86,1.944,3.912,-52.62,-52.62,43.52
"2006-07-30 06:35:00",3626,0.898,94.4,46.16,1.895,3.237,-53.9,-53.9,45.43
"2006-07-30 06:40:00",3627,2.129,73.41,12.84,2.381,3.419,-60.66,-60.66,44.64
"2006-07-30 06:45:00",3628,1.721,71.29,27.86,2.424,3.173,-57.5,-57.5,47.85
"2006-07-30 06:50:00",3629,1.845,63.87,13.86,2.548,2.783,-57.09,-57.09,48.02
"2006-07-30 06:55:00",3630,1.453,86.4,14.28,2.241,3.149,-57.75,-57.75,49.63
"2006-07-30 07:00:00",3631,1.672,86.6,21.92,1.849,2.488,-54.88,-54.88,55.26
"2006-07-30 07:05:00",3632,1.308,66.01,25.18,1.699,2.206,-52.34,-52.34,56.38
"2006-07-30 07:10:00",3633,1.041,359.7,23.77,1.581,1.852,-49.69,-49.69,56.25
"2006-07-30 07:15:00",3634,1.685,356.5,27.99,2.79,2.625,-48.74,-48.74,50.45
"2006-07-30 07:20:00",3635,2.345,56.37,19.63,3.956,3.277,-48.8,-48.8,49.63
"2006-07-30 07:25:00",3636,2.109,59.87,20.28,2.731,3.303,-51.21,-51.21,49.73
"2006-07-30 07:30:00",3637,1.656,45.49,11.64,1.963,3.033,-44.74,-44.74,51.68
"2006-07-30 07:35:00",3638,2.304,20.59,10.24,2.8,2.764,-41.94,-41.94,53.28
"2006-07-30 07:40:00",3639,1.836,54.66,24.63,2.44,2.934,-46.9,-46.9,51.06
"2006-07-30 07:45:00",3640,0.559,129.6,27.68,1.173,2.873,-45.59,-45.59,53.49
"2006-07-30 07:50:00",3641,1.172,9.12,5.668,1.924,2.884,-39.53,-39.53,50.82
"2006-07-30 07:55:00",3642,1.534,10.66,6.202,2.078,2.932,-40.12,-40.12,50.89
"2006-07-30 08:00:00",3643,0.313,55.94,14.29,0.853,2.98,-41.02,-41.02,51.23
"2006-07-30 08:05:00",3644,0.618,343.3,23.33,1.045,2.543,-42.25,-42.25,54.58
"2006-07-30 08:10:00",3645,0.93,352.9,14.99,1.454,2.741,-39.17,-39.17,53.76
"2006-07-30 08:15:00",3646,1.127,3.786,13.47,1.882,2.84,-24.15,-24.15,56.15
"2006-07-30 08:20:00",3647,1.042,344.4,28.92,2.176,1.96,-17.15,-17.15,65.4
"2006-07-30 08:25:00",3648,1.443,335.6,39.91,3.002,2.425,-4.672,-4.672,59.12
"2006-07-30 08:30:00",3649,1.907,75.73,34.6,3.221,3.254,-2.182,-2.182,58.61
"2006-07-30 08:35:00",3650,2.787,88,5.303,3.508,3.326,89.9,89.9,58.95
"2006-07-30 08:40:00",3651,1.998,104.7,18.42,2.868,3.762,34.37,34.37,58.33
"2006-07-30 08:45:00",3652,1.132,285.2,56.19,1.993,3.905,107.6,107.6,58.6
"2006-07-30 08:50:00",3653,0.723,106.3,45.92,1.382,4.441,138.7,138.7,59.63
"2006-07-30 08:55:00",3654,1.386,98.9,27.38,2.247,4.306,159.3,159.3,59.66
"2006-07-30 09:00:00",3655,1.968,100.2,14.53,3.067,4.195,168.6,168.6,57.64
"2006-07-30 09:05:00",3656,1.835,126.6,14.71,2.323,4.237,166,166,58.32
"2006-07-30 09:10:00",3657,2.499,91.2,14.14,3.035,3.99,193.9,193.9,59.07
"2006-07-30 09:15:00",3658,3.154,88.4,7.921,3.515,3.854,208.5,208.5,60.64
"2006-07-30 09:20:00",3659,1.95,95,16.54,2.538,3.988,208.5,208.5,60.54
"2006-07-30 09:25:00",3660,0.661,95.3,26.82,1.46,4.816,211.5,211.5,56.64
"2006-07-30 09:30:00",3661,2.165,77.27,17.21,2.617,4.274,236.1,236.1,59.37
"2006-07-30 09:35:00",3662,0.716,130.3,21.93,1.222,4.685,237.7,237.7,56.09
"2006-07-30 09:40:00",3663,0.253,188.4,9.17,0.663,4.805,251.1,251.1,54.83
"2006-07-30 09:45:00",3664,0.634,350.3,8.91,0.898,4.504,261.8,261.8,55.88
"2006-07-30 09:50:00",3665,0.894,333.1,21.29,1.313,4.208,292.1,292.1,56.22
"2006-07-30 09:55:00",3666,0.772,49.14,18.75,1.189,4.838,299.8,299.8,55.91
"2006-07-30 10:00:00",3667,1.9,19.87,10.07,2.228,4.052,314.5,314.5,60.95
"2006-07-30 10:05:00",3668,1.439,49.51,33.76,1.967,4.317,359,359,58.6
"2006-07-30 10:10:00",3669,1.395,130.9,42.53,1.82,4.291,390.8,390.8,60.34
"2006-07-30 10:15:00",3670,1.569,128.1,26.82,2.342,3.924,420.7,420.7,63.51
"2006-07-30 10:20:00",3671,0.914,81.9,12.36,1.486,4.339,491.3,491.3,61.15
"2006-07-30 10:25:00",3672,1.179,78.66,16.36,1.725,4.046,337.1,337.1,61.39
"2006-07-30 10:30:00",3673,1.185,99.4,23.58,1.555,3.594,234.4,234.4,59.58
"2006-07-30 10:35:00",3674,1.19,126.9,9.83,1.581,3.36,162.3,162.3,62.17
"2006-07-30 10:40:00",3675,0.697,176.3,53.5,1.218,2.971,141.8,141.8,67.29
"2006-07-30 10:45:00",3676,1.368,328,23.91,2.117,3.082,151.1,151.1,61.02
"2006-07-30 10:50:00",3677,1.532,11.53,26.25,2.055,3.216,226.3,226.3,59.31
"2006-07-30 10:55:00",3678,0.356,21.24,28.15,0.836,4.046,266.9,266.9,55.15
"2006-07-30 11:00:00",3679,0.259,52.27,19.37,0.598,4.607,311.9,311.9,52.97
"2006-07-30 11:05:00",3680,0.559,29.34,17.57,1.029,4.888,442.1,442.1,52.42
"2006-07-30 11:10:00",3681,0.972,87.9,24.18,1.614,5.023,476.4,476.4,49.9
"2006-07-30 11:15:00",3682,0.173,163.5,13.14,0.539,5.803,438,438,44.24
"2006-07-30 11:20:00",3683,0.408,100,26.3,1.075,5.803,436.2,436.2,48.36
"2006-07-30 11:25:00",3684,0.87,132.3,14.68,1.365,4.435,319.6,319.6,58.9
"2006-07-30 11:30:00",3685,1.455,150.1,20.35,2.179,2.916,200.7,200.7,69.78
"2006-07-30 11:35:00",3686,0.851,150,19.3,1.15,2.937,259.2,259.2,66.12
"2006-07-30 11:40:00",3687,1.19,146.2,17.18,1.496,2.863,270.1,270.1,64.86
"2006-07-30 11:45:00",3688,1.548,134.5,14.27,2.185,2.72,241.7,241.7,65.78
"2006-07-30 11:50:00",3689,1.388,73.16,22.03,1.656,2.945,313.5,313.5,64.02
"2006-07-30 11:55:00",3690,0.898,19.92,26.41,1.584,3.312,291.1,291.1,62.89
"2006-07-30 12:00:00",3691,0.753,191.3,56.07,1.287,3.46,259.8,259.8,61.83
"2006-07-30 12:05:00",3692,0.805,148.6,63.97,1.49,3.85,182,182,61.19
"2006-07-30 12:10:00",3693,2.379,94.5,29.87,2.809,3.362,166.7,166.7,66.13
"2006-07-30 12:15:00",3694,2.013,180.2,77.31,3.688,3.546,93.7,93.7,68.69
"2006-07-30 12:20:00",3695,1.89,198.1,47.37,2.744,3.802,237.2,237.2,66.1
"2006-07-30 12:25:00",3696,1.509,131.9,43.29,2.63,3.704,124.5,124.5,66.58
"2006-07-30 12:30:00",3697,2.945,168.6,11.1,4.541,3.9,423.4,423.4,67.91
"2006-07-30 12:35:00",3698,1.748,159.2,30.85,3.881,3.901,373.8,373.8,68.96
"2006-07-30 12:40:00",3699,3.585,158.8,29.88,5.024,3.852,478.2,478.2,68.59
"2006-07-30 12:45:00",3700,1.324,151.9,72.91,1.885,4.339,538.2,538.2,66.92
"2006-07-30 12:50:00",3701,1.907,164.9,64.4,4.622,4.242,545.1,545.1,68.45
"2006-07-30 12:55:00",3702,2.952,164.9,51.66,4.319,3.997,478.6,478.6,68.21
"2006-07-30 13:00:00",3703,3.655,181.5,18.82,7.053,4.241,457.5,459.3,67.02
"2006-07-30 13:05:00",3704,1.868,186.5,24.67,3.57,4.046,156.6,156.6,69.03
"2006-07-30 13:10:00",3705,2.804,167.6,16.9,4.273,3.802,168.9,168.9,69.95
"2006-07-30 13:15:00",3706,3.235,193.3,42.06,5.272,3.729,229.1,229.2,72.82
"2006-07-30 13:20:00",3707,3.568,167.2,35.16,5.87,3.729,185.8,186.4,71.93
"2006-07-30 13:25:00",3708,2.671,154.1,14.87,4.312,3.314,181.9,181.9,74.76
"2006-07-30 13:30:00",3709,3.912,171.6,25.33,7.412,3.533,214.4,215.6,72.82
"2006-07-30 13:35:00",3710,4.93,171.3,30.25,6.569,3.438,304,306.2,73.09
"2006-07-30 13:40:00",3711,4.909,181.2,10.68,7.161,3.168,244.7,247.2,75.27
"2006-07-30 13:45:00",3712,5.687,185.8,13.85,7.735,3.121,277.6,285.5,75.1
"2006-07-30 13:50:00",3713,4.614,178.3,22.96,7.177,3.281,256,258.7,73.81
"2006-07-30 13:55:00",3714,4.963,181.7,11.33,5.87,3.089,461.8,463.4,74.97
"2006-07-30 14:00:00",3715,6.198,177.5,15.41,7.236,3.054,475.2,487.7,74.91
"2006-07-30 14:05:00",3716,4.729,177.7,13.54,7.134,3.177,309.6,311.7,74.09
"2006-07-30 14:10:00",3717,4.478,180.3,15.44,6.151,3.3,472.1,473.6,73
"2006-07-30 14:15:00",3718,5.385,196.6,23.21,7.977,3.276,417,421.5,72.25
"2006-07-30 14:20:00",3719,4.648,196.5,29.35,6.938,3.177,499.1,502.5,72.72
"2006-07-30 14:25:00",3720,4.437,179,22.15,7.255,3.175,229.4,231.4,71.8
"2006-07-30 14:30:00",3721,5.194,179,27.57,8.27,3.091,351.2,355.7,72.45
"2006-07-30 14:35:00",3722,6.196,189.1,23.97,8.22,3.08,421.4,432.5,72.18
"2006-07-30 14:40:00",3723,5.251,198.5,28.91,7.536,2.971,329.4,334.7,72.96
"2006-07-30 14:45:00",3724,4.125,168,25.31,6.298,2.776,365,366.2,75.66
"2006-07-30 14:50:00",3725,4.788,258.8,35.34,7.513,3.033,645.6,652.8,72.11
"2006-07-30 14:55:00",3726,4.087,182.4,47.5,6.02,3.18,665.3,667,72.62
"2006-07-30 15:00:00",3727,6.74,195.9,17.01,8.63,3.229,581.2,603.3,70.78
"2006-07-30 15:05:00",3728,3.895,188.8,21.83,5.377,3.424,604.2,605.1,69.38
"2006-07-30 15:10:00",3729,3.085,200.1,31.26,5.684,3.324,661.9,662.6,69.69
"2006-07-30 15:15:00",3730,3.176,181.9,36.62,5.736,3.517,738.2,739.5,70.13
"2006-07-30 15:20:00",3731,4.727,182.9,21.71,6.475,3.319,674.5,678.4,71.05
"2006-07-30 15:25:00",3732,5.329,196.3,20.05,7.043,3.22,564.5,573.3,70.91
"2006-07-30 15:30:00",3733,5.16,213,23.41,8.87,3.157,491.5,498.9,71.56
"2006-07-30 15:35:00",3734,4.675,192.4,17.88,6.301,2.924,306.2,307.7,73.3
"2006-07-30 15:40:00",3735,3.843,190.3,16.83,5.71,3.021,498.6,499.6,72.58
"2006-07-30 15:45:00",3736,4.457,200,24.31,6.285,3.072,348.4,349.7,71.39
"2006-07-30 15:50:00",3737,3.517,184.8,15.22,5.508,2.927,388.9,389.1,75.52
"2006-07-30 15:55:00",3738,4.373,200.6,15.82,7.089,2.866,185.1,185.9,73.43
"2006-07-30 16:00:00",3739,4.14,181.8,31.92,6.043,2.685,304.4,304.9,75.96
"2006-07-30 16:05:00",3740,3.85,161.7,11.53,4.858,2.439,328.5,328.5,77.56
"2006-07-30 16:10:00",3741,3.33,161.7,16.59,4.707,2.662,340.9,340.9,76.95
"2006-07-30 16:15:00",3742,2.821,163.1,30.04,5.021,2.959,475.4,475.4,74.64
"2006-07-30 16:20:00",3743,2.936,190.2,34.63,4.178,3.277,606.3,606.3,70.92
"2006-07-30 16:25:00",3744,3.366,183.4,23.58,4.929,3.131,382.5,382.5,72.66
"2006-07-30 16:30:00",3745,2.981,146,64.7,7.115,3.229,352.7,354.5,71.64
"2006-07-30 16:35:00",3746,4.621,201.5,21.31,7.794,3.253,410.2,419,71.81
"2006-07-30 16:40:00",3747,4.546,208.1,23.79,6.468,3.131,239.7,241,70.99
"2006-07-30 16:45:00",3748,3.732,227.9,32.09,7.811,3.276,250.6,252.7,69.21
"2006-07-30 16:50:00",3749,2.807,205.3,67.9,6.445,3.228,363.2,363.9,70.78
"2006-07-30 16:55:00",3750,5.782,211.4,16.85,7.967,2.887,288.7,296.7,71.33
"2006-07-30 17:00:00",3751,3.095,158.6,66.42,4.903,3.083,436.6,436.6,71.5
"2006-07-30 17:05:00",3752,4.693,202,22.65,7.706,2.887,248.1,251,70.44
"2006-07-30 17:10:00",3753,3.805,242.3,60.57,7.686,2.79,280.5,285.3,72.35
"2006-07-30 17:15:00",3754,3.635,194.1,24.24,7.027,2.79,177,177.7,70.48
"2006-07-30 17:20:00",3755,3.112,183.3,27.3,4.92,2.741,193.2,193.2,73.99
