"TOA5","5212","CR1000","5212","CR1000.Std.10","CRD:apr08_g1ice1.CR1","16968","FiveMin"
"TIMESTAMP","RECORD","WS_ms_S_WVT","WindDir_D1_WVT","WindDir_SD1_WVT","WS_ms_Max","AirTC_Avg","NR_Wm2_Avg","RH_Avg","SWin_Wm2_Avg","SWout_Wm2_Avg"
"TS","RN","meters/second","Deg","Deg","meters/second","Deg C","W/m²","%","W/m²","W/m²"
"","","WVc","WVc","WVc","Max","Avg","Avg","Avg","Avg","Avg"
"2008-07-14 14:55:00",20401,1.505,116.7,5.972,1.787,5.128,619.6,69.51,905,185.4
"2008-07-14 15:00:00",20402,1.523,124.3,7.879,1.725,5.034,597.8,70.33,897,185.7
"2008-07-14 15:05:00",20403,1.73,130.6,10.12,1.953,5.168,601,66.62,895,181.5
"2008-07-14 15:10:00",20404,1.635,122.9,9.67,1.918,5.259,603.6,67.62,891,178.2
"2008-07-14 15:15:00",20405,1.573,131.9,9.47,1.666,5.227,589.5,67.27,879,175.9
"2008-07-14 15:20:00",20406,1.274,135.7,6.455,1.584,5.402,609.7,65.16,889,178
"2008-07-14 15:25:00",20407,1.266,129,9.33,1.627,5.619,613.4,64.4,887,178.1
"2008-07-14 15:30:00",20408,1.044,125.4,13.51,1.307,5.765,611,64.65,888,178.8
"2008-07-14 15:35:00",20409,1.215,126.6,12.56,1.401,5.742,597.5,64.69,877,178.2
"2008-07-14 15:40:00",20410,1.302,123.8,10.58,1.728,5.572,615.8,65.96,894,183.2
"2008-07-14 15:45:00",20411,1.266,118.9,10.49,1.699,5.571,642.6,65.03,920,188.2
"2008-07-14 15:50:00",20412,1.408,125,8.52,1.744,5.645,643.9,63.39,914,186.6
"2008-07-14 15:55:00",20413,1.447,128.1,9.96,1.836,5.781,613.5,61.66,897,184.1
"2008-07-14 16:00:00",20414,1.507,127.6,14.05,1.8,5.651,608.9,63.09,894,184.6
"2008-07-14 16:05:00",20415,1.631,130.6,12.8,1.98,5.489,601.1,61.81,889,183.9
"2008-07-14 16:10:00",20416,1.866,149.1,12.73,2.087,5.517,582.5,61.46,881,183.8
"2008-07-14 16:15:00",20417,2.093,133.5,11.85,2.705,5.503,597.7,60.09,896,186.3
"2008-07-14 16:20:00",20418,1.824,143.9,8.75,2.234,5.77,563.3,58.98,839,174.3
"2008-07-14 16:25:00",20419,2.278,154.2,5.73,3.015,5.648,559.6,60.43,864,181.2
"2008-07-14 16:30:00",20420,1.66,145.9,8.02,2.61,5.511,597.8,61.52,893,185.2
"2008-07-14 16:35:00",20421,1.615,156.7,15.98,2.326,5.711,591.4,59.57,884,184.3
"2008-07-14 16:40:00",20422,2.548,137.1,9.41,3.218,5.746,548.4,59.13,858,180.7
"2008-07-14 16:45:00",20423,2.462,154.1,16.25,3.352,5.657,548.6,59.18,854,180.1
"2008-07-14 16:50:00",20424,2.887,157.7,13.52,4.596,5.669,518.5,58.82,833,175.6
"2008-07-14 16:55:00",20425,2.516,146.9,10.36,3.067,5.424,449.2,60.96,739.6,158.6
"2008-07-14 17:00:00",20426,2.444,156.1,11.37,3.42,5.717,518.8,59.08,825,176.2
"2008-07-14 17:05:00",20427,3.25,156.6,7.131,4.211,5.478,488.8,59.17,803,171.7
"2008-07-14 17:10:00",20428,2.31,149.4,14.39,4.456,5.745,514.7,58.27,808,171.1
"2008-07-14 17:15:00",20429,2.707,151.9,12.65,3.884,5.675,494,58.56,786,168.1
"2008-07-14 17:20:00",20430,3.011,163.9,10.41,4.831,5.597,251.7,58.83,469.4,101
"2008-07-14 17:25:00",20431,1.467,114.6,27.16,1.967,5.873,213.7,56.44,372.1,81.6
"2008-07-14 17:30:00",20432,1.226,143.2,25.59,1.999,5.836,237.5,57.47,391,82.6
"2008-07-14 17:35:00",20433,3.044,135,23.9,5.387,5.873,240.6,56.82,405.4,84.7
"2008-07-14 17:40:00",20434,2.243,141.4,16.9,4.103,5.797,241.5,57.95,400.5,83.2
"2008-07-14 17:45:00",20435,3.329,129.4,13.69,4.511,5.801,279.5,57.09,458.8,97.1
"2008-07-14 17:50:00",20436,3.036,138.6,15.02,5.527,5.895,200.5,57.06,355.7,74.52
"2008-07-14 17:55:00",20437,2.134,127.4,27.3,3.747,5.789,235.2,57.27,390.5,80.6
"2008-07-14 18:00:00",20438,2.276,149.8,15.32,2.813,5.691,278.5,59.21,463.5,96.4
"2008-07-14 18:05:00",20439,2.582,153.1,19.06,3.665,5.411,291.8,59.64,485.2,103.1
"2008-07-14 18:10:00",20440,1.199,124.3,29.87,1.865,6.002,392.7,57.1,596.5,126.9
"2008-07-14 18:15:00",20441,1.836,130.6,21.83,2.522,6.459,487,55.37,729.4,153.7
"2008-07-14 18:20:00",20442,1.374,159.1,43.48,2.019,6.417,452.8,55.13,669.1,140.4
"2008-07-14 18:25:00",20443,1.483,198.4,43.29,2.862,6.874,439.6,53.18,652.9,136.1
"2008-07-14 18:30:00",20444,1.091,155.3,17.16,1.849,6.911,287.9,54.32,439.6,90.3
"2008-07-14 18:35:00",20445,0.723,168.1,17.13,1.695,6.356,258.1,56.42,391.5,82.7
"2008-07-14 18:40:00",20446,1.575,182.9,26.7,3.355,6.238,113.9,56.35,219.3,46.33
"2008-07-14 18:45:00",20447,0.882,202,46.25,2.443,6.221,187.6,55.68,307.6,66.79
"2008-07-14 18:50:00",20448,2.323,191.5,20.87,3.59,6.32,289.6,56.61,465.5,102.3
"2008-07-14 18:55:00",20449,1.262,215.9,79.9,2.287,6.319,281.1,56.02,427.7,93.5
"2008-07-14 19:00:00",20450,0.757,122.1,44.14,1.967,6.73,196.3,54.97,299.6,62.22
"2008-07-14 19:05:00",20451,2.511,152.9,13.89,4.394,6.22,169.9,57.03,295.3,65.05
"2008-07-14 19:10:00",20452,2.859,171.9,10.83,3.721,5.869,204.7,58.69,349.4,78
"2008-07-14 19:15:00",20453,2.358,177,13.83,2.904,5.641,187.3,59.83,324.3,72.24
"2008-07-14 19:20:00",20454,1.694,136.2,14.37,2.453,5.965,211.2,58.35,339.1,73.86
"2008-07-14 19:25:00",20455,1.282,115.6,29.94,2.976,5.832,149.2,59.6,251.2,53.11
"2008-07-14 19:30:00",20456,1.499,126.9,26.34,2.172,5.753,130.7,60.41,227.9,48.45
"2008-07-14 19:35:00",20457,2.475,117,10.14,4.041,5.745,189.1,59.61,321.2,71.51
"2008-07-14 19:40:00",20458,2.034,144.7,20.79,2.577,5.86,172.9,60.52,312.2,69.29
"2008-07-14 19:45:00",20459,2.245,147.8,15.65,2.875,5.364,78.67,63.03,182.7,40.4
"2008-07-14 19:50:00",20460,2.179,135.8,26.96,3.054,5.268,68.93,62.69,167.4,38.28
"2008-07-14 19:55:00",20461,1.185,127.4,14.08,2.698,5.603,62.63,61.24,148.8,32.8
"2008-07-14 20:00:00",20462,2.198,189.7,17.91,2.724,5.475,91.9,61.87,194.5,43.62
"2008-07-14 20:05:00",20463,2.041,159.3,15.62,3.267,5.771,107.7,60.13,219.6,49.43
"2008-07-14 20:10:00",20464,1.052,173.3,39.56,2.417,6.058,184.5,59.39,322.8,74.98
"2008-07-14 20:15:00",20465,0.893,152.6,13.47,1.526,6.457,220.8,58.38,371.8,84.6
"2008-07-14 20:20:00",20466,1.245,136,13.42,2.038,6.355,137.7,58.49,256.7,53.63
"2008-07-14 20:25:00",20467,0.56,81.9,54.17,1.134,6.213,54.68,59.01,140.7,29.38
"2008-07-14 20:30:00",20468,1.613,7.887,8.54,2.176,5.574,66.6,62.28,151.3,32.26
"2008-07-14 20:35:00",20469,1.696,8.18,12.89,2.277,5.357,58.22,63.24,142.8,30.36
"2008-07-14 20:40:00",20470,1.365,345.5,14.59,2.006,5.241,49.45,64.18,137.1,29.02
"2008-07-14 20:45:00",20471,1.317,339.4,11.08,2.28,5.007,46.84,65.23,140.6,29.25
"2008-07-14 20:50:00",20472,1.931,340.1,7.921,2.149,4.942,58.37,65.73,153.3,31.4
"2008-07-14 20:55:00",20473,2.135,342.2,4.997,2.61,4.735,52.71,67.26,143.9,29.54
"2008-07-14 21:00:00",20474,1.501,346.7,14.9,2.042,4.703,40.45,67.41,131.3,26.91
"2008-07-14 21:05:00",20475,1.796,353.2,7.856,2.159,4.685,31.35,67.75,118.5,24.5
"2008-07-14 21:10:00",20476,2.483,347.6,4.941,2.891,4.478,14,69.9,96.1,20.79
"2008-07-14 21:15:00",20477,2.664,344.1,5.629,3.273,4.309,-9.38,71.49,71.43,16.24
"2008-07-14 21:20:00",20478,2.486,344.5,6.834,2.875,4.265,-20.92,72.36,57.82,14.02
"2008-07-14 21:25:00",20479,2.385,338,8.41,2.767,4.205,-25.72,72.48,54.06,13.22
"2008-07-14 21:30:00",20480,2.427,342,10.24,3.293,4.15,-28.82,73.66,49.92,12.58
"2008-07-14 21:35:00",20481,3.211,335.8,5.903,4.152,4.051,-35.8,75.48,43.45,11.15
"2008-07-14 21:40:00",20482,2.132,344.6,8.86,2.947,3.94,-35.98,76.07,40.52,10.5
"2008-07-14 21:45:00",20483,1.711,355.6,14.12,2.319,4.002,-37.57,75.94,36.81,9.77
"2008-07-14 21:50:00",20484,1.671,351.2,20.21,2.254,4.008,-39.54,75.85,33.21,8.97
"2008-07-14 21:55:00",20485,1.366,342,14.28,1.571,4.147,-42.34,75.02,30.67,8.48
"2008-07-14 22:00:00",20486,1.83,347.5,11.27,2.427,3.992,-45.55,75.81,27.56,7.946
"2008-07-14 22:05:00",20487,1.88,344.1,8.61,2.408,3.718,-49.25,77.26,21.86,6.579
"2008-07-14 22:10:00",20488,3.013,337.3,12.44,3.94,3.745,-53.99,77.67,20.18,6.165
"2008-07-14 22:15:00",20489,4.446,334.2,5.556,5.364,3.406,-55.51,81,23.43,6.574
"2008-07-14 22:20:00",20490,4.608,325.1,7.942,5.638,3.315,-55.64,82.5,21.96,6.063
"2008-07-14 22:25:00",20491,4.26,330.3,5.789,4.884,3.148,-55.64,83.4,21.85,6.098
"2008-07-14 22:30:00",20492,4.799,330.9,5.161,5.236,3.124,-52.13,83.9,23.98,6.328
"2008-07-14 22:35:00",20493,4.938,332.5,33.29,5.651,2.971,-51.89,84.2,24.16,6.014
"2008-07-14 22:40:00",20494,5.212,326.5,4.69,6.158,3.032,-50.72,83.8,19.87,4.979
"2008-07-14 22:45:00",20495,5.252,326.5,6.836,6.23,3.048,-54.85,83.9,14.68,3.932
"2008-07-14 22:50:00",20496,5.293,327.4,5.042,6.05,3.022,-54.44,84.3,12.17,3.48
"2008-07-14 22:55:00",20497,5.839,329.5,4.295,6.465,2.853,-55.47,86,10.68,3.166
"2008-07-14 23:00:00",20498,5.829,327.3,4.818,6.527,2.831,-55.88,86.7,8.96,2.674
"2008-07-14 23:05:00",20499,6.077,329.9,10.31,6.674,2.684,-55.37,88.8,8.24,2.635
"2008-07-14 23:10:00",20500,6.302,328.6,4.904,7.262,2.667,-53.24,88.9,7.924,2.265
"2008-07-14 23:15:00",20501,5.586,331.5,5.857,5.87,2.644,-52.06,88.8,7.837,2.187
"2008-07-14 23:20:00",20502,5.695,330.6,7.706,6.128,2.472,-53.57,90.1,6.828,2.15
"2008-07-14 23:25:00",20503,6.177,325.2,4.541,6.631,2.413,-49.65,90.5,5.402,1.696
"2008-07-14 23:30:00",20504,6.672,323.7,2.228,7.17,2.265,-50.93,91.1,3.998,1.563
"2008-07-14 23:35:00",20505,7.359,328.7,5.382,8.33,2.112,-50.7,91.5,3.073,1.38
"2008-07-14 23:40:00",20506,7.829,329.2,5.715,8.76,1.982,-57.96,91.3,2.206,1.224
"2008-07-14 23:45:00",20507,8.13,324.9,6.283,9.06,1.841,-66.76,92.1,1.577,1.279
"2008-07-14 23:50:00",20508,8.2,321,6.162,9.47,1.682,-70.1,92.4,1.073,1.306
"2008-07-14 23:55:00",20509,8.51,323.4,4.616,9.79,1.55,-67.69,92.9,0.737,1.203
"2008-07-15 00:00:00",20510,8.68,327.3,9.77,9.96,1.501,-62.58,93,0.311,0.895
"2008-07-15 00:05:00",20511,7.906,332.2,9.25,9.34,1.422,-58.51,93.4,0.197,0.846
"2008-07-15 00:10:00",20512,8.21,334.9,6.252,8.9,1.472,-64.9,92.1,0,0.587
"2008-07-15 00:15:00",20513,7.318,335.8,6.387,8.44,1.352,-62.87,92.6,0,0.746
"2008-07-15 00:20:00",20514,7.314,341.2,8.96,8.11,1.338,-73.78,92.4,0,0.46
"2008-07-15 00:25:00",20515,7.508,331.4,9.85,8.76,1.535,-86.1,90.6,0,0.138
"2008-07-15 00:30:00",20516,7.164,337.8,8.06,8.03,1.499,-81.9,90.7,0,0.413
"2008-07-15 00:35:00",20517,7.765,338.5,7.59,9,1.474,-71.73,90.7,0,0.448
"2008-07-15 00:40:00",20518,7.582,331.9,7.342,9.04,1.401,-58.69,91,0,0.567
"2008-07-15 00:45:00",20519,8.15,328.7,6.21,9.18,1.264,-57.05,91.2,0,0.877
"2008-07-15 00:50:00",20520,8.65,328,5.205,10.12,1.121,-52.69,91.5,0,0.803
"2008-07-15 00:55:00",20521,7.984,334,4.572,8.85,1.126,-58.54,91.4,0,0.608
"2008-07-15 01:00:00",20522,8.18,333.7,6.499,9.02,1.119,-52.92,91.1,0,0.475
"2008-07-15 01:05:00",20523,8.47,332.3,5.56,9.4,1.078,-47.69,90.8,0,0.548
"2008-07-15 01:10:00",20524,8.64,328.5,7.035,9.3,1.073,-50.77,89.8,0,0.45
"2008-07-15 01:15:00",20525,8.52,330.4,4.429,9.56,1.117,-52.9,89.2,0,0.372
"2008-07-15 01:20:00",20526,9.32,325.1,7.257,10.6,1.123,-61.06,88.5,0,0.427
"2008-07-15 01:25:00",20527,8.37,332.1,5.137,9.16,1.085,-54.8,88.9,0,0.512
"2008-07-15 01:30:00",20528,7.913,330.7,6.439,8.83,1.028,-47.77,89,0,0.514
"2008-07-15 01:35:00",20529,8.56,326.8,5.946,8.97,1.042,-45.56,88.4,0,0.374
"2008-07-15 01:40:00",20530,8.09,322.2,6.335,8.95,1.089,-38.94,87.5,0,0.259
"2008-07-15 01:45:00",20531,8.22,323.7,4.771,9.51,1.047,-39.32,86.9,0,0.384
"2008-07-15 01:50:00",20532,5.597,321.9,7.761,6.54,1.399,-37.78,84.5,0,0.023
"2008-07-15 01:55:00",20533,5.57,330.2,7.642,7.347,1.88,-39.51,80.6,0,0.183
"2008-07-15 02:00:00",20534,5.806,325.7,9.04,7.477,1.798,-38.89,80.8,0,0.245
"2008-07-15 02:05:00",20535,4.966,305,22.38,6.354,2.013,-34.6,79.25,0,0.08
"2008-07-15 02:10:00",20536,5.72,301.9,14.39,7.912,2.35,-34.22,77.01,0,0.095
"2008-07-15 02:15:00",20537,5.315,311,14.37,6.886,2.319,-35.42,76.94,0,0.236
"2008-07-15 02:20:00",20538,5.648,309.4,14.32,7.415,2.296,-33.68,76.92,0,0.345
"2008-07-15 02:25:00",20539,4.859,306.6,18.67,6.203,2.301,-31.21,76.47,0,0.3
"2008-07-15 02:30:00",20540,4.4,292.8,15.86,5.615,2.334,-26.7,76.38,0,0.306
"2008-07-15 02:35:00",20541,4.842,284.6,14.28,6.184,2.404,-27,75.72,0,0.203
"2008-07-15 02:40:00",20542,2.883,192.1,55.7,6.06,1.997,-16.3,80.1,0.38,1.003
"2008-07-15 02:45:00",20543,1.385,120.7,59.72,2.8,1.095,-14.07,87.8,0.707,1.173
"2008-07-15 02:50:00",20544,0.263,333.8,83.8,1.124,0.643,-11.47,92.2,0.005,0.427
"2008-07-15 02:55:00",20545,1.429,18.29,47.37,3.427,0.487,-13.06,92.8,0,0.429
"2008-07-15 03:00:00",20546,3.635,330.1,12.91,5.135,1.194,-23.28,84.2,0,0
"2008-07-15 03:05:00",20547,4.754,298.3,32.94,6.39,1.223,-20.38,85,0.03,0.325
"2008-07-15 03:10:00",20548,5.119,299.2,21.17,8.38,1.41,-21.56,81.7,0,0.129
"2008-07-15 03:15:00",20549,6.018,323.2,13.76,7.21,1.384,-27.23,82,0,0.187
"2008-07-15 03:20:00",20550,1.842,295.2,56.3,4.256,1.169,-17.1,87.4,0.147,0.577
"2008-07-15 03:25:00",20551,2.719,296.2,37.59,4.1,1.364,-23.62,84,0.027,0.162
"2008-07-15 03:30:00",20552,1.106,154.2,71.99,1.865,0.864,-18.46,90.6,0.204,0.773
"2008-07-15 03:35:00",20553,1.19,190.9,85.7,1.787,0.295,-17.58,96.7,0.082,0.721
"2008-07-15 03:40:00",20554,0.839,46.39,57.4,2.127,0.056,-17.56,98.6,0,0.407
"2008-07-15 03:45:00",20555,1.545,162.6,60.88,2.76,0.156,-16.71,98.5,0,0.228
"2008-07-15 03:50:00",20556,1.853,218.5,93.6,2.976,0.289,-17.48,97,0,0.298
"2008-07-15 03:55:00",20557,1.839,144.5,37.78,4.106,0.349,-14.53,95,0,0.166
"2008-07-15 04:00:00",20558,1.521,332.4,79.86,1.931,0.765,-15.84,91.2,0,0.199
"2008-07-15 04:05:00",20559,1.073,350.7,92.3,1.699,0.469,-14.97,94.9,0,0.374
"2008-07-15 04:10:00",20560,0.955,302.4,38.8,1.82,0.317,-14.56,96,0,0.378
"2008-07-15 04:15:00",20561,1.066,264.2,69.62,2.424,0.302,-15.25,96.4,0,0.247
"2008-07-15 04:20:00",20562,1.703,212.5,78.04,2.244,0.44,-15.53,95.8,0,0.195
"2008-07-15 04:25:00",20563,1.135,92.7,36.61,1.931,0.399,-15.17,95.6,0,0.236
"2008-07-15 04:30:00",20564,1.227,231.1,48.78,1.983,0.476,-14.63,94.9,0,0.261
"2008-07-15 04:35:00",20565,0.339,346.5,25.94,0.81,0.362,-15.71,95.7,0,0.407
"2008-07-15 04:40:00",20566,1.613,108,42.81,2.924,0.361,-17.22,95.7,0,0.31
"2008-07-15 04:45:00",20567,2.25,178.5,15.23,2.92,0.344,-12.32,97,0.005,0.302
"2008-07-15 04:50:00",20568,1,284.6,73.91,2.359,0.242,-6.11,97.7,0.263,0.304
"2008-07-15 04:55:00",20569,1.143,137.5,26.95,2.372,0.177,-13.94,98.5,0.568,0.388
"2008-07-15 05:00:00",20570,1.175,224.6,55.45,1.699,0.14,-11.17,99.1,0.653,0.438
"2008-07-15 05:05:00",20571,1.476,132.2,80.5,2.613,0.098,-8.24,99.6,1.039,0.39
"2008-07-15 05:10:00",20572,2.115,156.3,11.08,2.875,0.092,-9.34,99.9,1.642,0.503
"2008-07-15 05:15:00",20573,0.979,176.4,65.74,1.561,0.025,-7.085,100,2.063,0.61
"2008-07-15 05:20:00",20574,1.556,221.7,46.88,2.61,-0.015,-12.99,100,3.075,0.828
"2008-07-15 05:25:00",20575,0.966,292.5,68.08,1.463,-0.032,-11.06,100,3.947,1.036
"2008-07-15 05:30:00",20576,1.555,142.7,53.13,1.947,-0.028,-11.47,100,5.575,1.354
"2008-07-15 05:35:00",20577,1.489,273,54.17,2.329,-0.028,-2.67,100,7.006,1.73
"2008-07-15 05:40:00",20578,0.659,252.8,60.5,1.052,-0.049,-6.161,100,9.28,2.024
"2008-07-15 05:45:00",20579,1.348,183,14.28,1.973,-0.04,-7.906,100,11.48,2.55
"2008-07-15 05:50:00",20580,1.14,231.9,42.91,1.712,-0.086,-4.082,100,12.4,2.76
"2008-07-15 05:55:00",20581,1.819,253.6,36.27,2.352,-0.098,-7.906,100,14.24,3.214
"2008-07-15 06:00:00",20582,1.911,190.2,48.34,2.702,-0.109,-9.4,100,16.68,3.77
"2008-07-15 06:05:00",20583,1.375,315.9,12.39,2.012,-0.139,-9.19,100,20.24,4.502
"2008-07-15 06:10:00",20584,0.462,285.5,36.63,0.996,-0.141,-6.469,100,26.84,5.803
"2008-07-15 06:15:00",20585,1.092,189.7,80.4,2.022,-0.079,-3.568,100,31.09,6.637
"2008-07-15 06:20:00",20586,1.227,209,87.4,2.345,0,-2.054,100,33.54,7.284
"2008-07-15 06:25:00",20587,1.295,264.1,22.61,2.323,0.162,-1.874,99.3,35.99,7.907
"2008-07-15 06:30:00",20588,3.534,321.5,21.83,6.171,0.159,-2.695,98.3,38.43,8.41
"2008-07-15 06:35:00",20589,3.841,298.7,16.25,5.952,0.416,4.159,95.1,42.92,9.76
"2008-07-15 06:40:00",20590,3.769,297,19.72,4.701,0.57,9.04,92.3,54.33,12.64
"2008-07-15 06:45:00",20591,1.283,148.4,62.56,2.169,0.517,16.87,95,58.35,13.89
"2008-07-15 06:50:00",20592,0.49,162.2,75.52,1.039,0.217,21.23,98,57.54,13.52
"2008-07-15 06:55:00",20593,1.215,157.9,29.81,1.908,0.09,17.2,98.8,61.82,15.24
"2008-07-15 07:00:00",20594,0.483,256.8,48.34,0.931,0.003,25.29,99.6,60.67,14.87
"2008-07-15 07:05:00",20595,0.6,181.4,51.51,1.098,0,4.39,99.9,62.03,15.99
"2008-07-15 07:10:00",20596,0.29,193.5,52.38,0.911,0.043,21.92,99.9,71.88,18.93
"2008-07-15 07:15:00",20597,0.841,261.8,32.4,1.49,0.026,10.78,100,69.34,18.9
"2008-07-15 07:20:00",20598,2.174,135.3,88.8,3.012,0.041,8.63,99.7,75.18,21.08
"2008-07-15 07:25:00",20599,1.535,269,63.77,3.025,0.364,10.96,96.6,84.1,23.6
"2008-07-15 07:30:00",20600,2.006,265.5,30.28,2.515,0.65,4.877,92.6,85.5,25.16
"2008-07-15 07:35:00",20601,1.41,182,60.82,2.359,0.319,27.01,97.2,89.5,26.97
"2008-07-15 07:40:00",20602,1.038,133,77.83,1.64,0.171,21.33,99,86.9,25.61
"2008-07-15 07:45:00",20603,1.154,179.5,14.82,2.352,0.09,17.82,99.7,84.6,25.79
"2008-07-15 07:50:00",20604,0.582,302,38.07,1.019,0.049,28.34,100,83.8,25.21
"2008-07-15 07:55:00",20605,0.53,278.5,96,1.447,0.046,37.14,100,93.9,27.56
"2008-07-15 08:00:00",20606,1.357,292.2,44.13,1.931,0.008,30.6,100,122.5,35.69
"2008-07-15 08:05:00",20607,0.634,241.1,35.28,1.163,0.064,38.35,100,112.1,33.45
"2008-07-15 08:10:00",20608,0.613,336.8,17.45,1.006,0.067,33.09,100,121.5,35.65
"2008-07-15 08:15:00",20609,0.396,324,5.503,0.862,0.123,28.13,100,124.4,36.41
"2008-07-15 08:20:00",20610,0.771,279.3,44.4,1.548,0.184,25.59,100,132.3,38.73
"2008-07-15 08:25:00",20611,0.458,292.6,38.52,1.385,0.242,18.59,100,123.1,36.64
"2008-07-15 08:30:00",20612,2.27,303.5,31.2,3.028,0.225,18.48,99.5,126.8,39.03
"2008-07-15 08:35:00",20613,3.297,334.2,14.45,4.42,0.359,23.21,96.7,130.8,40.69
"2008-07-15 08:40:00",20614,3.034,332,11.77,3.998,0.484,22.1,94.5,125.6,39.29
"2008-07-15 08:45:00",20615,4.556,338.5,5.135,5.158,0.487,28.16,93,146.8,45.71
"2008-07-15 08:50:00",20616,4.543,335.7,5.816,5.096,0.549,34.99,91.8,166,52.49
"2008-07-15 08:55:00",20617,4.404,334.3,10.83,5.031,0.606,29.16,90.4,171.8,55.73
"2008-07-15 09:00:00",20618,4.112,337.7,9.52,4.75,0.68,38.27,89.6,183.3,60.9
"2008-07-15 09:05:00",20619,4.82,331.4,5.148,5.22,0.648,36.45,89.8,192.1,65.24
"2008-07-15 09:10:00",20620,4.596,331.6,7.535,5.779,0.786,48.36,87.7,229.6,77.24
"2008-07-15 09:15:00",20621,2.204,296,13.38,4.332,0.784,53.96,93.3,216.6,72.89
"2008-07-15 09:20:00",20622,1.341,313.4,24.16,2.682,0.642,52.68,93,209.1,70.29
"2008-07-15 09:25:00",20623,3.001,321.1,9.9,3.92,0.933,51.39,87.8,208.9,72.31
"2008-07-15 09:30:00",20624,2.164,277.4,29.59,3.394,0.758,59.91,92.3,219,75.94
"2008-07-15 09:35:00",20625,2.147,318.2,11.57,4.289,0.776,69.93,90.4,244,83.5
"2008-07-15 09:40:00",20626,3.864,326.1,8.04,4.381,0.795,55.14,88.5,213.9,76.72
"2008-07-15 09:45:00",20627,3.97,331.1,9.89,4.782,0.817,52.52,87.6,213.3,77.32
"2008-07-15 09:50:00",20628,4.842,327,12.24,5.491,0.78,63.84,88,233.2,84.4
"2008-07-15 09:55:00",20629,3.311,307.5,18.05,5.253,1.09,71.23,85.2,224.2,81.6
"2008-07-15 10:00:00",20630,2.303,320.3,20.05,3.224,1.096,86.4,87,241.2,87.9
"2008-07-15 10:05:00",20631,2.276,288.3,29.54,3.662,1.053,115.6,87.7,288.2,102.4
"2008-07-15 10:10:00",20632,0.337,193.2,77.71,0.8,1.432,114.2,88.4,278.5,97.7
"2008-07-15 10:15:00",20633,0.606,321.1,35.63,0.781,1.454,94.5,89.1,245.6,87.6
"2008-07-15 10:20:00",20634,0.383,357,21.36,0.908,1.499,97.5,89.1,258.3,91.8
"2008-07-15 10:25:00",20635,0.674,351.8,18.94,1.352,1.51,98.4,88.1,271.1,96.8
"2008-07-15 10:30:00",20636,1.347,342.6,31.78,1.957,1.38,87.3,87,272.9,99.1
"2008-07-15 10:35:00",20637,0.968,298.1,26.36,1.506,1.53,228.9,85.5,490.2,163.4
"2008-07-15 10:40:00",20638,2.776,316.4,6.384,3.309,1.557,205.3,82.8,430.4,140.6
"2008-07-15 10:45:00",20639,2.759,312.7,13.52,3.192,1.621,340.1,80.9,673.8,211
"2008-07-15 10:50:00",20640,2.061,308.3,12.8,2.646,2.021,359.5,77.67,707.7,213.7
"2008-07-15 10:55:00",20641,1.445,348.8,13.51,2.038,2.374,402.7,77.13,744.2,217.5
"2008-07-15 11:00:00",20642,2.595,293.7,56.6,3.809,1.992,291.4,82,582.9,172.1
"2008-07-15 11:05:00",20643,1.413,114.7,57.73,2.143,1.813,377.9,87.2,727.4,210.1
"2008-07-15 11:10:00",20644,0.559,230,78.18,0.96,2.306,400.9,83.4,703,198.6
"2008-07-15 11:15:00",20645,1.761,327.5,13.06,3.678,2.648,391.6,76.7,630.8,173.5
"2008-07-15 11:20:00",20646,2.53,335.7,16.49,3.548,2.029,289,78.51,504.9,144.4
"2008-07-15 11:25:00",20647,0.913,310.1,88.8,1.604,1.957,193.6,82,389.3,112.4
"2008-07-15 11:30:00",20648,0.922,157.9,65.33,1.49,1.832,195.7,86.5,395.9,114.1
"2008-07-15 11:35:00",20649,0.51,322.4,22.87,1.163,1.992,341.1,86.9,588.3,162.3
"2008-07-15 11:40:00",20650,0.236,114.7,81.7,0.552,2.692,364,83.9,651.9,178.4
"2008-07-15 11:45:00",20651,1.811,315.9,11.47,3.374,2.853,580.6,77.22,889,234.1
"2008-07-15 11:50:00",20652,3.607,319.3,8.99,4.309,2.219,548.5,75.59,838,219.8
"2008-07-15 11:55:00",20653,3.988,323.1,16.77,5.142,2.149,601.2,74.1,917,237.1
"2008-07-15 12:00:00",20654,3.972,330.8,6.201,5.008,2.237,655.9,74.54,969,244.7
"2008-07-15 12:05:00",20655,2.403,294,53.26,3.868,2.251,460.1,77.44,787.1,196.3
"2008-07-15 12:10:00",20656,1.812,340.3,42.51,2.973,2.215,341,78.5,564.2,144.1
"2008-07-15 12:15:00",20657,3.435,298.9,26.51,5.495,1.572,257.3,84.7,484.7,130.6
"2008-07-15 12:20:00",20658,2.153,311.6,20.24,3.012,1.8,589.8,81.4,929,230
"2008-07-15 12:25:00",20659,3.337,325.5,21.33,5.23,2.017,464.8,79.06,719,179.3
"2008-07-15 12:30:00",20660,2.533,310.8,21.88,4.018,2.204,561.8,77.74,871,213.6
"2008-07-15 12:35:00",20661,4.027,325.9,11.02,5.919,2.254,632.7,76.61,943,228.7
"2008-07-15 12:40:00",20662,3.234,325.3,10.99,3.668,2.216,619.6,77.61,926,222.3
"2008-07-15 12:45:00",20663,3.799,328.9,6.86,5.197,2.184,617.9,77.63,880,209.7
"2008-07-15 12:50:00",20664,3.024,317.5,15.46,4.573,2.348,495.8,75.53,777.8,185.6
"2008-07-15 12:55:00",20665,2.311,322.1,17.36,2.95,2.692,636.3,73.54,960,223
"2008-07-15 13:00:00",20666,3.779,326.3,11.58,4.962,2.511,623.2,73.9,907,212.2
"2008-07-15 13:05:00",20667,3.19,329.2,7.011,4.319,2.571,659.8,74.44,960,222.6
"2008-07-15 13:10:00",20668,3.903,327.4,9.98,4.913,2.59,692.8,73.31,979,226.6
"2008-07-15 13:15:00",20669,3.944,306.2,17.9,5.416,2.576,657.1,72.34,989,227.5
"2008-07-15 13:20:00",20670,3.471,323,7.905,4.162,2.622,686.7,72.41,989,226
"2008-07-15 13:25:00",20671,3.277,319.8,8,4.518,2.679,683,70.36,979,221.7
"2008-07-15 13:30:00",20672,3.589,326.6,5.546,5.132,2.866,683.8,68.13,971,218.3
"2008-07-15 13:35:00",20673,3.803,330.1,12.09,4.9,2.809,685,69.69,974,219.2
"2008-07-15 13:40:00",20674,3.581,331.4,12.1,4.423,2.743,474.9,68.89,680.7,154.6
"2008-07-15 13:45:00",20675,3.052,330.3,13.24,3.855,2.72,542.9,70.1,806,183.9
"2008-07-15 13:50:00",20676,2.807,334.5,16.79,3.348,2.749,457.4,70.3,667.4,150.5
"2008-07-15 13:55:00",20677,3.077,349.7,7.715,3.714,2.569,391.1,71.39,638,147.1
"2008-07-15 14:00:00",20678,3.481,337.7,13.62,5.472,2.662,208.1,70.65,353.2,84.8
"2008-07-15 14:05:00",20679,3.035,352.6,11.53,3.838,2.711,407.8,71.1,633.4,147
"2008-07-15 14:10:00",20680,3.058,334.7,9.4,3.499,2.891,725,69.88,1025,229.7
"2008-07-15 14:15:00",20681,3.431,352.1,8.7,4.508,2.847,385.8,71.73,581.7,134.7
"2008-07-15 14:20:00",20682,2.605,1.266,15.31,3.407,2.606,99.6,72.56,246.3,63.66
"2008-07-15 14:25:00",20683,2.651,6.881,15.75,3.234,2.888,445.3,71.64,709,164.2
"2008-07-15 14:30:00",20684,3.437,345.4,15.35,4.724,2.783,322.4,70.19,529.5,126.6
"2008-07-15 14:35:00",20685,2.942,347.1,13.23,3.757,3.109,370.5,68.09,548.6,127.5
"2008-07-15 14:40:00",20686,3.238,352,7.215,3.838,2.898,131.8,70.25,261.4,66.51
"2008-07-15 14:45:00",20687,2.674,343.7,17.33,5.246,2.961,149.1,68.47,294.7,74.13
"2008-07-15 14:50:00",20688,2.825,17.82,11.3,3.61,3.051,96.6,69.55,235.7,60.95
"2008-07-15 14:55:00",20689,3.096,2.338,8.37,3.6,2.887,265.5,70.97,453.3,108.8
"2008-07-15 15:00:00",20690,3.196,5.313,11.26,3.574,2.835,149.2,72.68,305.5,77.46
"2008-07-15 15:05:00",20691,3.95,343.6,9.55,4.769,2.884,190.9,69.48,333,81.5
"2008-07-15 15:10:00",20692,2.741,348.9,32.86,3.401,3.292,218.6,67.6,368.2,87.1
"2008-07-15 15:15:00",20693,3.081,353,18.39,4.88,3.411,210.8,67.15,369.3,91.5
"2008-07-15 15:20:00",20694,3.503,341,15.55,4.247,3.226,162.5,68.45,279.1,70.71
"2008-07-15 15:25:00",20695,3.37,341.6,10.35,5.576,3.457,155.7,65.27,306.9,77.16
"2008-07-15 15:30:00",20696,4.676,339.2,16.14,6.582,3.536,188.5,65.08,342.5,84.4
"2008-07-15 15:35:00",20697,3.234,324.9,21.93,4.753,3.816,189.1,62.26,344.4,84.3
"2008-07-15 15:40:00",20698,2.687,343.8,14.15,3.744,3.792,268.2,65.1,432.8,101.4
"2008-07-15 15:45:00",20699,3.638,356.4,10.6,4.743,3.646,179.6,66.15,317.4,76.91
"2008-07-15 15:50:00",20700,2.841,335.2,26.09,4.492,3.688,128.4,64.45,260.3,65.42
"2008-07-15 15:55:00",20701,1.901,324.7,34.61,3.855,4.088,482.1,61.98,755.8,179.6
"2008-07-15 16:00:00",20702,2.222,318.8,24.19,3.286,4.141,489.2,63.22,692.5,159.2
"2008-07-15 16:05:00",20703,2.588,331.7,20.32,4.639,4.036,401.5,63.23,611.5,142.4
"2008-07-15 16:10:00",20704,3.335,327.2,13.15,4.92,4.027,166.2,62.03,291.6,70.73
"2008-07-15 16:15:00",20705,1.907,345.6,19.75,2.541,4.309,388.9,60.82,602.1,137
"2008-07-15 16:20:00",20706,2.621,358.2,8.37,3.084,4.139,264.2,63.32,417.3,94.2
